-2.0 10.2244527781
-1.97989949749 9.8147299718
-1.95979899497 10.0660723317
-1.93969849246 9.80381827989
-1.91959798995 10.0423185295
-1.89949748744 9.96194823531
-1.87939698492 10.1572637701
-1.85929648241 10.033976962
-1.8391959799 10.1955916783
-1.81909547739 9.99583720393
-1.79899497487 9.89753048899
-1.77889447236 9.7690443626
-1.75879396985 10.049776525
-1.73869346734 10.0153572759
-1.71859296482 9.94732507888
-1.69849246231 10.1491711991
-1.6783919598 10.1178626944
-1.65829145729 9.67094980629
-1.63819095477 9.74977412351
-1.61809045226 9.54845952695
-1.59798994975 9.5639531219
-1.57788944724 9.49469366447
-1.55778894472 9.43498313505
-1.53768844221 9.76904098219
-1.5175879397 9.54469048842
-1.49748743719 9.3899189441
-1.47738693467 9.54101309663
-1.45728643216 9.54389003356
-1.43718592965 9.24439548967
-1.41708542714 9.11178414914
-1.39698492462 9.05678113938
-1.37688442211 9.39285045183
-1.3567839196 8.98196940759
-1.33668341709 8.88437369448
-1.31658291457 8.95574089815
-1.29648241206 9.05049644763
-1.27638190955 9.10562162483
-1.25628140704 9.02090929721
-1.23618090452 8.60434063531
-1.21608040201 8.72220147868
-1.1959798995 8.52808511253
-1.17587939698 8.63638826339
-1.15577889447 8.62567206553
-1.13567839196 8.31732173599
-1.11557788945 8.34241856306
-1.09547738693 8.23841999165
-1.07537688442 8.37175025135
-1.05527638191 8.00813442024
-1.0351758794 7.97823582374
-1.01507537688 8.05713655244
-0.994974874372 8.12585071066
-0.974874371859 8.12753097252
-0.954773869347 7.7044765235
-0.934673366834 7.61080484914
-0.914572864322 7.79017787497
-0.894472361809 7.49059638267
-0.874371859296 7.69859191862
-0.854271356784 7.64082618317
-0.834170854271 7.78354864551
-0.814070351759 7.73616945101
-0.793969849246 7.43237408738
-0.773869346734 7.32390763894
-0.753768844221 7.53009516177
-0.733668341709 7.24541983843
-0.713567839196 7.04138102576
-0.693467336683 7.0190739836
-0.673366834171 7.31770297894
-0.653266331658 7.19817190775
-0.633165829146 7.35068317952
-0.613065326633 6.8791284804
-0.592964824121 6.85368848197
-0.572864321608 7.27265486366
-0.552763819095 7.12169085606
-0.532663316583 6.84548167521
-0.51256281407 6.78126985473
-0.492462311558 6.77550310896
-0.472361809045 6.99695271012
-0.452261306533 7.02846848714
-0.43216080402 6.89257623065
-0.412060301508 7.06753165358
-0.391959798995 7.0316216668
-0.371859296482 7.0114288318
-0.35175879397 7.20961160611
-0.331658291457 6.92948074167
-0.311557788945 7.12211660306
-0.291457286432 6.96642836847
-0.27135678392 7.02001334338
-0.251256281407 7.3215978683
-0.231155778894 7.43992021104
-0.211055276382 7.42680230691
-0.190954773869 7.30403922192
-0.170854271357 7.53919777843
-0.150753768844 7.61509126339
-0.130653266332 7.64272581593
-0.110552763819 7.49863435202
-0.0904522613065 7.761083856
-0.070351758794 7.91928222991
-0.0502512562814 7.57540781287
-0.0301507537688 7.95839234163
-0.0100502512563 7.87973735778
0.0100502512563 8.10923021136
0.0301507537688 8.02182467386
0.0502512562814 8.14223951385
0.070351758794 8.18693076212
0.0904522613065 8.55782518763
0.110552763819 8.78981527949
0.130653266332 8.53189380385
0.150753768844 8.95646410097
0.170854271357 9.20269957712
0.190954773869 9.42952206331
0.211055276382 9.15055270765
0.231155778894 9.6264037878
0.251256281407 9.52076255295
0.27135678392 9.90086991422
0.291457286432 10.1674610373
0.311557788945 10.2490274395
0.331658291457 10.2908497863
0.35175879397 10.8478760781
0.371859296482 11.0390670823
0.391959798995 11.2472898175
0.412060301508 11.6131597968
0.43216080402 11.6874943933
0.452261306533 12.0126404228
0.472361809045 12.0503904566
0.492462311558 12.4003904975
0.51256281407 12.6989133531
0.532663316583 13.0389336893
0.552763819095 13.1509502611
0.572864321608 13.5122055191
0.592964824121 13.7344969754
0.613065326633 14.0277898549
0.633165829146 14.3665544948
0.653266331658 14.5713155863
0.673366834171 14.9618841624
0.693467336683 15.423394371
0.713567839196 15.9691749022
0.733668341709 16.4088661441
0.753768844221 16.6140140835
0.773869346734 17.2210293404
0.793969849246 17.1427291607
0.814070351759 17.5495269819
0.834170854271 18.1334597148
0.854271356784 18.5752855283
0.874371859296 19.0545226451
0.894472361809 19.2909674662
0.914572864322 19.9732000466
0.934673366834 20.5184714813
0.954773869347 20.9090490372
0.974874371859 21.1970613242
0.994974874372 22.0433936841
1.01507537688 22.1759629363
1.0351758794 23.0239410041
1.05527638191 23.3657432977
1.07537688442 23.9134049697
1.09547738693 24.3669784163
1.11557788945 24.8390482667
1.13567839196 25.788679897
1.15577889447 26.3999738244
1.17587939698 26.8660402232
1.1959798995 27.5713669805
1.21608040201 28.1677849692
1.23618090452 28.7627339095
1.25628140704 29.1872350257
1.27638190955 30.1487804815
1.29648241206 30.7002213036
1.31658291457 31.2704574052
1.33668341709 31.9860457245
1.3567839196 32.4288678115
1.37688442211 33.610970962
1.39698492462 34.1107549649
1.41708542714 34.9762989903
1.43718592965 35.8070418914
1.45728643216 36.5501931856
1.47738693467 37.0525180455
1.49748743719 38.066483801
1.5175879397 38.5010543298
1.53768844221 39.4319255489
1.55778894472 40.2340429145
1.57788944724 41.4168051188
1.59798994975 42.0869673589
1.61809045226 43.0944748588
1.63819095477 43.5484572671
1.65829145729 44.5810860387
1.6783919598 45.6284786249
1.69849246231 46.5758451044
1.71859296482 47.5692265341
1.73869346734 48.5393949636
1.75879396985 49.1223733569
1.77889447236 50.1946530551
1.79899497487 51.3340132832
1.81909547739 52.0518638333
1.8391959799 53.19406731
1.85929648241 54.2698860463
1.87939698492 55.1503782527
1.89949748744 56.3188060886
1.91959798995 57.4358071585
1.93969849246 58.5474889799
1.95979899497 59.7076060615
1.97989949749 60.8996004364
2.0 61.7586860729
