 -2.4904   1.9757  -1.3522   0.7342   1.6672  -1.1459  -0.5211  -0.0776   5.6419   0.4639
 -1.0671   5.7571   0.0604   0.5676  -0.8987   0.0013  -0.5486   5.8906   1.3217   2.0666
  0.9769  -3.8278   0.2667   1.4003   2.7638   2.7390   0.1455  -1.4362  -0.8634   1.0836
  1.5110   0.4532  -2.9515  -1.9468  -2.9614  -0.2915   0.2620  -2.6793   0.5945  -1.1788
  1.5618   0.1072   0.3344  -0.0075  -1.3330  -2.3816  -1.6795  -1.1136  -0.7890   4.6501
  1.6738   0.6256   0.2380   0.8309   3.1399   1.6251  -1.7051  -0.3082   1.5573   0.5388
  0.5300   0.4945   0.9028   0.1390   3.1454  -1.0855  -1.8935  -0.8652  -0.0638   2.4304
 -1.1347   1.1296  -1.1464   1.2247  -0.7029  -3.0125  -2.8921  -0.1683   0.7850  -1.0075
  0.0766  -1.3259   1.1294   2.4313  -0.3574   3.0166  -1.7537  -0.0480  -0.2877  -0.6371
 -3.7978  -0.5215   4.6961   1.4620  -1.0712  -0.3696  -3.3019  -2.6899   1.6425   0.2267
  0.8030  -0.4319  -1.4936   1.1137   0.7514  -0.5777   1.0199   0.9098   5.4782  -0.6415
 -4.2096   0.6701   4.3396  -2.7041   2.2571   2.7594  -1.3419  -0.6992  -0.5640   0.4890
  2.7548   0.6191   0.9551  -0.7555   0.0175  -0.4427   3.2547  -0.8243  -0.0134  -2.9853
 -0.5073   1.6330  -2.5443   1.1752   1.3443  -3.2535  -0.3390   0.8477  -2.9680   1.3696
 -0.2519  -0.7913  -2.8516  -0.6011  -0.5177  -0.0680  -2.9839  -0.4027  -5.5226  -0.0730
  0.4330  -0.3083   0.4750  -3.2060  -1.0612  -0.9261   1.2823   0.2512   1.3068  -3.1200
  0.4370  -1.2882   1.5063   3.3767   1.2870   0.1792   0.9504  -2.1801  -1.8295   2.9415
 -1.8080  -1.9399   0.6581  -0.6778   0.6749   0.7459   0.4842   1.6872   1.1621   3.8526
 -2.6281  -0.3289  -1.7253  -0.8193   2.0291  -0.1826   1.0106   3.1709  -1.7377  -0.7183
 -0.3094  -0.3649   0.0096   0.6571   0.6347   0.6861  -1.3875  -1.0646  -2.4962  -1.2884
 -1.4680  -0.7423   0.1583   2.1653   0.7775  -2.0459  -1.4482  -0.7587   0.3092  -0.3926
 -0.4732   2.6329   0.3706  -0.8684  -0.6689  -0.3615  -1.8147   0.3468   0.2093  -0.9657
 -0.7293   0.7178  -0.3388   0.6327  -4.6480  -1.9421  -3.5240  -1.3251  -2.7485  -0.6538
  0.9280  -0.6584  -1.2181  -3.4841   1.2734   0.9006  -1.1908  -3.1986   2.2187  -0.6451
 -1.0261   2.5477  -0.2610  -0.3828  -0.9702  -0.8229   0.7550   3.2877  -1.0966  -1.2154
 -1.4766  -1.0302  -0.0664   1.3881  -0.9806   2.0769   2.4482  -5.7486   4.4986   2.5311
  1.8481  -1.3137   0.1771  -0.9257   0.3439  -0.4182   5.4024  -1.6153   2.1566   2.2197
 -0.6129   2.9195   0.4550   0.0020   0.6954  -2.0975  -0.6790  -2.7304  -2.5824   0.6930
  0.1896  -0.1390  -1.2486   0.9139   1.4709   0.0690  -1.7236  -2.6780  -1.9010  -3.0240
  0.0272  -3.3181  -0.3784   2.5487   1.2766   2.7247  -3.9743  -0.2900  -1.9474  -1.3804
  1.3743   0.6646   1.7801   1.4205   2.0121  -1.0631   1.8139  -0.4932   0.2952   1.9430
  2.4915   0.8448  -2.2242   1.5375  -2.6619   1.2845   0.1714   0.2730   1.9821   0.8381
 -1.9379  -1.3608  -2.7287  -2.0961  -1.9000   0.7222   0.0236   1.2537  -2.0418   0.9275
  1.9511  -0.1506  -1.0049  -1.4150  -1.4026  -0.1003   2.8341   2.0698  -5.0058   1.2015
  0.3947  -0.2579   0.7453   0.1311  -1.6071   3.1285   0.4499  -0.4138  -0.4261  -1.1888
 -0.0513  -0.5541  -0.3744  -3.0656   3.1374  -2.2432   1.3530  -1.6910   1.0277  -1.0851
 -2.5412  -1.7159   2.2450  -1.6555   0.6113  -0.5558   2.7700  -2.9829   0.2808  -2.4525
 -0.5833   1.4703  -1.4965   0.8579  -0.9269  -0.0943   0.1899   0.8661  -1.8607  -2.1730
  1.6182   1.0435  -0.6966  -0.3727  -1.3565   5.5116   1.0621   1.2032  -0.5759  -0.1354
 -2.2158  -0.5327  -0.4342   1.7318  -2.9516   3.3820   0.0424  -0.7394  -0.6675   1.8245
  0.9253   1.3724  -0.5260   0.3138   0.8140   2.6157   1.5082   2.3245  -0.0909   1.9809
  2.7624  -0.2456  -3.9868  -0.4721   0.1840  -3.6054   1.5816   0.4694  -1.3764  -0.9222
 -0.5944  -1.4299  -0.9738   0.4808   1.7421   0.0554   1.1184  -1.5142   1.0227   1.3193
  2.1770  -0.4921  -1.8237   2.9077  -2.0140  -0.1510   1.0610   1.0452   1.3334  -1.9234
  2.6216   1.8652  -0.4303   2.4067  -0.4892   2.1306  -0.5149   2.3012  -0.4543   0.2884
  1.3512  -3.4448  -0.7067   1.4215   2.1457  -0.9452  -2.6593  -0.0402  -1.2389  -0.1275
  0.7697   1.2446   0.9852   0.3525  -3.0442  -0.5771  -0.9796  -0.8235   0.7657  -0.3384
 -0.9988   3.4028  -1.0228   2.1585  -1.2498   1.5314  -1.3788  -0.2236  -1.7308  -2.6444
 -1.8759   1.5786   0.7385   2.3597   1.0830   3.1773  -1.5304   0.5516   0.7509  -3.6265
 -0.4286   0.7036  -0.3729  -1.5265   1.9513   0.5516  -0.7776  -0.7442  -0.3383   1.4949
  0.2437  -1.5396   0.0056  -1.1760   1.2171   1.3335   1.6757   3.5272  -3.3186  -3.6669
  0.8796  -0.2665   0.8067  -0.7021  -0.3436   0.8691   0.1353   1.1202   1.0251   0.7226
 -5.6850  -4.1409   2.1353   0.2060  -2.2690   3.0479   1.0690   0.3762  -1.1178   2.1722
  0.2082  -0.9106  -2.4302  -2.1458   0.6512  -1.7167  -2.4339   3.8863   0.9889  -2.7994
  1.5905   0.5035   2.9585   0.2290   0.9861  -0.1926  -0.3215   0.0366   1.0924  -1.5459
 -1.9995  -0.9043   1.0945   0.5110   2.0546  -1.1303   1.1071  -0.9727   1.7321   1.3617
 -1.1811   2.0583   0.9665   2.5887   0.2969  -1.1792   2.7097   0.4047   0.4102  -2.1350
 -0.0203   1.7876   1.4863   3.4014   0.6116  -1.2447  -1.5813   1.9851  -0.4359  -0.1931
  1.4325  -1.1692  -0.0794  -2.6247   1.9207  -1.7273   0.4171   0.1101  -1.9465  -0.9151
 -0.8769   0.0802   1.4727  -1.3264   1.6871   1.8111   0.8587   0.0039   2.2470   3.1426
 -0.5002   0.9347   3.0460  -4.1635   1.8945   2.4894   1.0565   0.5113  -0.8317   2.4894
 -0.1449   1.0408  -3.1991  -0.8232  -0.4645   0.4945   1.2939  -1.1407   1.5571  -0.3684
  2.8432  -2.1110   2.9708   0.2460  -1.8342   0.4846   0.7709  -2.7764  -1.4863   0.6248
 -0.0066  -0.7243  -2.1748   0.7406  -1.5314  -1.4541   0.6000  -1.3890  -0.7088  -1.9901
 -1.4106  -2.7165   2.0148  -0.1507  -0.7322   1.9170   0.8060  -1.1299   1.1276   0.3074
 -3.9031  -1.3488   2.3396   1.4646  -2.6352  -0.5175  -0.1650   1.6443   1.5776  -1.0420
  1.5616  -2.8578   2.1218  -1.2049  -1.5016  -0.9307   1.5631  -1.3005   1.9927   1.7621
  0.0469  -0.3902   2.1420  -0.2736   2.3227   1.0838   2.6679   0.0537  -2.4939   1.2069
  2.5855  -3.3042   0.7088  -3.7104  -1.8657   2.8224   1.0152   1.2497  -1.4444  -0.4978
  1.0630   3.5021   0.0387  -0.9830  -2.6899  -0.0825  -0.1054  -0.7905  -0.7401   1.5558
  1.1352   0.5716  -1.6541   0.1837  -0.5580   1.9263  -1.4637  -1.9639  -1.6641  -1.0935
 -3.9098   1.1092   0.9356   0.0964  -1.3544   1.7511  -1.0514  -2.0998  -0.5409  -0.2705
  1.5663   0.9062   0.5817  -0.4982   1.7682  -0.1422   0.1484  -1.3939  -0.2389  -2.1046
  0.3646  -1.7342  -3.1228  -3.9735  -2.0780  -4.3643  -1.0489   0.1815   0.6164  -0.0105
 -1.3781  -0.8095  -3.0035  -1.4980  -0.0291   0.4365   1.5523   2.3972   0.0639   0.7790
 -0.0688   0.3467   0.9683  -3.3723   4.2434  -1.3264   2.1053   0.8349  -2.6810  -1.8196
  0.0230   0.7573  -0.9107   1.1795   1.7516   3.0096  -1.8011   0.6067   0.0676  -1.4708
 -2.0057   2.9247   0.3847  -1.0820  -1.3244  -0.5289  -0.5230   1.0781   0.7738   1.8745
 -1.9034  -0.0912   1.6612  -1.5669   0.0123   3.5100   0.0655  -0.0673   2.5893  -0.0578
 -3.2779   1.2145  -1.5258   2.7284   1.8652  -1.0633   1.8490  -0.4006  -0.3499  -0.2181
  3.3564  -0.7831  -1.1762  -0.1794   0.6991  -0.9032   2.0720   0.3033  -0.1059   1.5578
 -0.1337  -3.5716  -0.0539   1.3835   1.4129   1.0393   2.6142  -2.0510   0.9263  -0.4229
  0.6752  -0.1214   2.8319  -3.9519  -2.7751  -1.7786  -2.3454   1.6342  -0.3887   0.8977
  1.4271  -1.4096   1.7379   2.3782   0.8867   2.5795  -1.8719   2.7826  -1.2957  -1.6563
 -0.5735  -1.7661   1.8153   0.2597  -0.1382  -2.5362   2.6974   0.5164  -0.2171   0.3021
 -0.7317  -2.2977   2.2730  -1.9190  -4.2959  -2.8985   1.3786   2.8966   0.5159   0.5363
 -1.9101   1.7161  -1.2689  -0.2979  -1.4339  -1.0833  -0.4311  -0.7300  -1.4540  -0.7753
  3.2372  -1.1715   1.2612   0.3136  -0.1984  -0.6879   0.5672  -1.0893   0.7463   0.4533
  0.6866   0.6185  -1.9592   1.5318   0.8212  -2.6802   0.1456   1.0153  -2.1978  -0.3846
  0.1692   1.0036  -1.6703   1.5287  -3.1680  -0.6222   0.7166   1.9461   0.7592  -1.2414
  0.7161  -0.7416  -0.3383  -1.5145  -0.7218  -0.3698   0.5700   0.7949  -2.4193  -1.0201
  0.7635   0.6711  -0.6678   1.4105  -0.9731  -1.2140  -0.3692  -0.1629  -1.6801   2.0491
  3.3444   1.0054  -1.8881  -0.3342  -0.1309   1.2434   0.0666  -0.6197   1.9707   0.5609
 -0.0047  -1.3998   0.4365  -1.3139  -3.8206   2.7081   1.2595   0.2410  -0.3244  -1.5187
 -0.4204  -1.8066   2.0211  -1.7883  -0.3048  -1.7504   0.4933   0.4131   0.9005   1.8294
 -0.0907   0.8290   1.0007   3.1006   3.0520   1.6646  -1.2320   2.0859   0.2100   1.1752
 -1.3782  -0.3676  -1.4861  -1.7113  -0.9692   0.6442  -0.6198   1.6609  -0.1053  -2.3937
 -2.5466   1.3952  -0.3793   0.1435  -0.1548  -0.0827   1.0353  -0.7912   3.5040  -1.2585
 -1.0358   1.7478   2.9183   1.3102   1.9445   5.0003  -1.1521  -1.0798   3.1502  -2.9648
 -0.3843   0.5253   1.1850  -2.4999   2.0880  -0.5976   1.3974   0.7229   2.4300  -1.0111
  0.3194  -0.9609  -1.9196  -3.4076   0.2368  -0.8082  -0.9122   1.0884  -1.4054   0.3884
 -0.7892   1.3655  -2.1249   1.7303   1.8174   2.4816   2.8425   0.0650   0.2069   0.6976
  0.5980  -2.2085  -1.1956  -1.3994   1.8408   2.1060   5.8787  -0.6546   1.2695  -2.4083
  1.0863   1.7347  -1.0414   2.4163  -1.4542  -0.3577   1.9376  -0.2289   0.1183   3.7027
 -1.3750  -2.0886   2.0781   1.6721  -0.1251  -1.2042  -0.0563   2.1128  -0.3070  -0.1786
  0.5873   2.3086   1.1587  -1.1786   0.1819  -2.6441  -0.9090   1.8356  -1.7577   1.1955
 -0.5804   0.0430  -0.7976   2.1044   3.1102   1.1312  -3.6726   0.0660  -3.7849   0.1202
  1.4533  -0.3111   1.9159  -0.9321   1.8258  -1.4236  -2.6439   1.9740   1.8752   1.2295
  2.2706   3.9603   0.1304  -2.9416  -0.0448   0.0086   1.8782  -0.4309   2.3147   0.1818
 -0.5417   2.2307  -1.1128  -2.7051   0.1216  -0.0287   1.7855   0.6783  -1.5699  -1.3289
 -2.3057  -2.0234  -0.2339  -2.7443  -2.0209  -0.5112   0.7928   0.3627  -0.4210   0.4623
 -3.3684  -0.2205   2.0828   1.3134  -0.4692  -0.1846   0.4958   0.0382  -0.5740  -2.0138
  1.6942  -0.1391   0.8596   1.9448   2.7172  -0.4738   0.4220   0.0952   2.1374  -2.2033
 -1.1076  -0.4822   0.2702   1.2455   2.0080  -0.1298  -0.4302  -0.1849   3.3439  -0.9640
 -1.3268  -0.0028  -1.8029   0.4375   0.9601  -1.3785  -0.4118   2.6540   1.6834   1.6524
 -0.2636   0.1452  -1.3506   1.3366  -1.0375  -0.0812   1.3877  -1.1720  -1.2219   1.4439
  0.3498  -0.2316  -0.3131   1.6260   0.4278  -0.1517  -0.5289  -0.9167   0.4520   0.4461
 -1.3522  -1.2340   1.9030  -0.8607  -1.3357   0.8347  -2.3723  -0.7692   4.4249   1.1499
  1.4567  -1.6100  -0.4201   1.4933   2.1891  -2.2525  -1.2697  -0.5363  -4.0762  -1.4553
  2.2143  -1.3518  -2.5450  -2.6522   0.4992  -2.8822  -0.6364   0.1826   0.0176  -1.5418
  1.3407  -2.6148   0.9875   0.4689  -0.8787  -2.0596   0.2464  -0.9910   1.8704  -0.2506
 -0.3951  -2.2249   0.2929  -1.3002   1.0188   4.1796  -0.6573  -0.5681   2.2939  -2.4700
  2.4187   1.3138   0.8189   0.5453  -0.4809   1.6413   3.7809   0.8426  -0.7759  -2.5321
 -4.5242   4.1002  -0.4354   1.2127   0.1674  -4.6392   0.5340  -0.3236   2.3202   1.2725
 -0.0330  -3.5235  -1.0596  -1.6653  -2.6919   1.3226   0.9971  -2.3262   1.6735   0.0830
 -2.5895   2.1105  -0.3540  -0.1770  -1.0521  -1.2845   3.0342   1.8175   0.1175   0.0307
  0.8823  -0.4381   2.2838  -0.7244   1.9831   1.0151   1.3378   1.3024  -0.2386   1.6609
 -1.1981  -0.8361   0.8194   2.5562   0.7795   0.0538   1.6211   1.5225   0.8278   1.6773
  1.2559  -2.9172  -0.8398  -2.4150   0.6844   0.6509   1.7176  -0.9572  -1.0365   5.5133
  0.1889  -1.1308   2.3263   3.0819   0.3881  -1.4244  -0.7920   1.9643   0.6195  -0.6290
 -1.4401   1.1946  -1.9295   0.8837   1.9339  -0.4706  -0.3273  -0.6067   2.2601   3.8601
  0.5951  -1.8875  -0.0574   0.8735   1.5292   3.0124  -2.1988   0.4737   1.8769   0.8235
 -0.0732  -3.7157  -0.7698  -0.8145   1.2990  -0.9710  -0.1060   0.8374  -0.3248  -0.5373
 -0.7196  -0.1583   1.7246  -0.2737   1.1266  -1.8025   0.0460  -3.1173  -0.8684  -0.1658
 -0.2396   2.8379  -0.9147   0.6941  -2.5114   3.4326  -0.6264   1.4086  -1.1455  -0.9896
  0.1229   1.7637  -1.8339  -3.8560   0.3430   1.2557  -2.4251  -0.5266  -0.0658   1.8766
  1.9657  -1.1723  -2.3962  -1.1090   1.8548   2.4063  -3.1150   0.3389   0.6261  -0.2605
  1.1160  -1.0844   1.3544   0.5979   0.6297   1.8958  -0.9908  -1.4770   0.5682  -2.9457
  1.3154  -0.3008  -1.3085   0.2320  -1.8645   0.9813   0.6677  -1.1718   1.8529   0.1508
  0.8219   1.4632   1.0383   1.4770  -1.0636  -3.4060  -2.0307   1.0287  -1.3100  -1.8975
 -2.6600   3.2160  -3.1937   4.6649  -0.0553  -0.8897  -0.3100   0.5467   0.3790  -3.1848
  3.7053  -0.7091  -4.2757  -2.8384   0.3812   2.2684  -2.0763   1.4073   1.2659   1.0923
  2.2096   1.0543   0.3530  -1.3400  -0.1966  -4.4506   4.8215   4.3125   1.9464   1.5377
 -0.7116  -0.7947  -4.0591   1.3152   2.2398   2.0390   0.6971   0.9102  -0.2124  -0.3411
  2.1675   2.6238   0.3127   1.1900  -1.0208  -2.8382  -0.5854   2.1332  -1.0107   1.7001
  0.7174  -2.1171   0.7742   2.7587   1.4922   0.2727  -1.2661   0.6317   1.1576   1.4817
 -0.7590  -1.1827  -1.2144  -2.3813  -1.4247   0.1767  -1.2215   1.4648  -1.0667  -1.9088
 -0.2071   1.2079  -1.6855  -2.4876  -0.4622  -0.1542  -0.2082  -3.4084  -0.0632  -1.2257
 -2.9898  -0.4767  -0.1237  -1.9480   0.8974   1.1900  -0.4267  -0.6910  -0.7813  -0.9700
 -1.3925  -2.4010  -2.6905   1.3313   0.1512  -0.5225   1.2900  -1.1187   0.0769  -0.3325
 -0.8198   2.8006   1.2802   1.0962   1.6449  -0.6312   2.1068   1.1037  -1.9341   1.1093
  4.1994  -3.3066   1.5455   0.9305   1.6219  -0.8972   2.3547  -0.4972  -0.7293  -0.3448
  2.1589   0.0531  -0.6613   0.9623  -3.7976   1.2948  -2.6336   1.3964  -0.4907   1.3465
 -2.8734   2.3890  -0.9455  -0.0903  -0.0446  -1.4058   2.4881   3.4227  -0.9057   2.0641
 -2.4667  -3.1260  -1.0794   2.6717  -2.6741   0.7049   0.1872  -1.7384  -0.6936   1.7967
 -0.7493   2.4614   0.0833   1.8072  -2.7223   0.8357  -2.2118  -2.8564  -0.8902  -0.9482
  2.2789  -0.5483   2.0295  -2.3760  -1.0078  -1.8161  -0.5192   0.6937   2.6143   1.0253
  2.1951  -2.4213  -0.1421   1.1359   2.4632  -1.3003   1.2384  -1.6670   2.1926   0.9046
  1.6615  -3.4513  -2.0711   1.6298  -0.0263   0.2271  -0.2859  -0.2270  -3.3529   0.1993
  0.9636   2.0532  -1.4522  -1.9208  -0.1595  -0.3507   0.5215  -3.6960  -2.4517  -0.1801
  1.7832   1.4420  -2.8576  -0.1531   0.7902  -1.8238   1.0936   0.8165   4.1745   3.5293
 -0.6287   0.4074   1.0686   1.3854   0.8412   1.3188   1.3498   0.9054   2.7259   1.0688
  1.0044  -3.4334   2.2685  -1.9181   0.0707  -0.0323  -1.3413   0.7179  -0.2030   1.2182
  2.1270  -0.6579  -0.7043   1.2246  -1.9801   1.9560  -0.8802   2.0508   0.3323  -2.7157
  0.3887  -1.0375   1.4577   0.4837  -0.7804  -3.7011   1.3633   0.6255   0.8418   3.2182
 -0.8350  -2.9582   0.1066  -1.3790  -1.7442  -1.3213   0.3043   1.8462   1.1334   1.9512
 -1.8743   1.0479  -0.3082   0.1210   1.1931  -1.3704  -2.1731  -1.9195  -1.4916   1.9195
  1.4805  -1.0406  -0.0847   1.8066  -0.7072  -3.4893  -2.6849  -0.7382   1.1603   0.3999
  0.3577  -0.5769  -0.6973   2.7686  -0.3740  -0.7251   0.2636   1.2676  -1.5569  -0.7278
 -1.8131   1.5706   1.7763   2.4302  -3.4421  -0.5429   0.0190  -0.7811   0.9706  -0.7318
  0.7291  -1.0806  -0.9209  -0.1338   0.2890  -1.0084   1.6226   1.2677   0.2680  -1.3140
 -2.4820   0.0356   2.3090  -0.8205  -0.3083   0.0022  -0.6929  -1.4206  -0.8269   0.9880
  5.3336   1.7161  -0.4331  -0.4002   0.1487   0.6101   2.8835  -1.1505   1.9277  -2.0179
  0.4862  -2.1054  -0.1184  -0.6910  -0.9664   1.1114  -0.5443   1.2209  -0.1636  -0.5292
 -0.1580  -2.1406   0.4133  -1.5205  -1.9639  -2.4388  -2.4696  -0.1105  -1.9447   2.1890
  0.6122  -0.1761   0.0529   0.6925   1.6327   1.2876  -0.9239   3.0615  -0.2496  -0.6201
 -0.2397  -1.4618  -1.5330   1.1928   0.4456   2.1724  -0.9751   0.5321   0.9847   0.1616
 -3.8867  -1.2557  -1.3369   0.7567   1.0099   0.5148   1.5401   0.5458   3.2899  -0.4289
 -3.5315   1.0387   0.5041  -0.2405   2.3577   4.3055   0.0941   1.0053   1.6327  -4.2655
 -0.8786  -1.1857   0.5388  -1.3137   2.4778   0.1598   1.4262   0.4567   0.8187  -0.2861
  0.1086  -1.1342   0.1050  -1.9070   0.3218  -0.9173  -1.8935   0.0268  -0.5398  -0.1786
 -1.4629   3.7113  -2.1858  -0.4016   1.2688   1.3318   2.5570   0.6060   1.3536  -0.5889
 -0.1554  -0.0181  -0.2634  -0.8924  -1.0728   0.6535   2.6616   0.1169   0.0576  -2.2141
  2.7442   0.6251  -2.7022   0.7622  -2.1301  -0.1497   0.2065  -3.3449   0.4960   3.4949
 -1.6960  -0.3900   1.5423   0.3367   0.3240  -2.0051   0.4969   4.5150  -1.3304   0.5352
 -0.9470   1.6794  -0.1752   0.4545   0.1620  -1.9804   2.5058  -1.3562   1.1034   1.4765
  1.1685  -0.5553  -0.2938   1.0502   3.3141  -0.3059  -0.0790  -0.0749  -1.6837   1.5022
  1.9947   1.5077   2.3902  -0.1567   1.7100  -3.7236  -3.2377   1.2381  -0.0817   1.3972
  2.5258   3.5743   0.3203  -2.1520   0.6049   0.6080   0.2513  -2.2620   1.5785  -1.8757
  0.0345  -0.4934   0.4719  -1.5204   0.7070   0.7657  -1.6354   0.3123  -3.7817  -4.5382
 -0.6613  -1.4122   0.1671  -2.5635  -0.7192  -1.7924   1.0252   0.2040   0.5261   1.7560
 -1.5503   0.7268   0.8591   2.3853  -3.7865  -0.3702  -0.4806   1.0091   1.0600  -0.5400
  0.1357  -1.1854  -0.9353   0.9707   1.2560   0.5919   0.3481   0.0736  -0.3120  -0.6365
 -0.0774  -0.2846  -0.0755   0.0357   0.9469  -0.3188   2.1397   1.8598  -0.8967  -0.1190
 -3.2801  -0.6977  -0.7192   1.6289   0.2312   0.9617   0.7619   2.3351   0.9455   0.7411
 -0.2726  -0.1939  -1.5528  -2.4643   1.2714  -1.5361   2.5494  -1.2885  -1.2945  -0.6522
 -0.7696  -0.9269   1.0160   0.1293   2.3659   0.7563   1.0115  -2.1406   1.2871  -1.7989
 -1.9975  -0.6954   0.7085  -0.2612  -0.2813   1.1224  -2.0646   0.4862   1.7917   1.3219
  3.5396  -0.3815   0.4922   1.2321   0.4660   2.4817  -1.0245   2.3209  -4.1313  -1.8291
  1.6007  -1.6402  -2.5660  -2.3147  -2.1696  -1.0964  -1.6519   0.2433  -0.2399  -0.5627
  1.9125  -0.7197   0.6645  -0.9716  -1.3838  -1.0535   1.5356  -0.1162   2.4435   0.6347
  1.2628  -0.4311  -1.8268  -2.9657   1.3369   2.7032   0.1283   1.7568   1.7798  -3.5034
  1.4394   1.3778   0.4818   0.2585   1.8040   0.9166   5.1134   1.1088   0.7238  -1.7828
 -1.9902   3.0834  -0.1691   2.2314  -2.6551  -3.7958   0.5061   0.8691   4.4860   0.4441
  1.7014  -1.9479  -1.8893   0.6644  -2.5596   2.8709   1.5731   0.3840   0.8566   0.7867
 -0.2853  -0.3670  -0.4698   1.1420   0.2686  -1.7818  -0.0899   1.2301  -0.2082   1.4187
  2.3261   3.0430   1.7751  -0.6064  -1.0905   1.9221   0.9451   0.2332   1.0894   1.9276
 -2.2609   0.2540   1.0052   1.3411  -0.3609  -0.0024   0.3396   2.6641  -1.5609   0.6586
 -0.0170  -1.4355  -1.3696  -0.6729   2.2432   1.4787   0.9273   0.0947   0.5855   3.7138
 -0.5317  -1.6008   3.0591   2.4744   2.2309  -1.2902  -1.3711   0.3924   0.1664   0.2943
 -2.3233   0.5564  -1.7507   0.9466   2.2726   1.0623   0.2554   3.3917   0.3237   1.3219
 -0.5210  -1.5245   0.8650   0.5483   0.9516   2.0794  -1.1340   1.4407   2.6828   1.8450
 -3.0994  -5.6141  -0.0609  -1.1365  -0.0590   0.0953   2.2228   0.8110  -0.3122   0.8038
 -1.4358   1.3448   0.0704  -2.3552   0.7725  -2.2100  -2.0876  -1.6157  -0.9507  -0.4265
  1.1909   1.2161   1.3001   0.6274  -0.5488   3.1214  -0.5611   1.4398  -1.0544  -1.4731
 -2.2963   0.1567  -0.5663  -3.4150   1.8686   0.2802   0.9046  -0.8150   0.8687   2.2839
  0.5201  -0.9495   0.7622   1.4501   0.8586   1.5784  -1.8276   1.4705   0.5951  -2.4093
  1.4425   1.7995   2.0534   2.6583   1.0421  -0.0515  -1.9307  -1.6880   1.2501  -2.7140
  1.6232  -1.8384  -0.5042   0.0418  -0.1967   0.7265   0.4574  -1.0057  -0.3964  -0.5374
 -0.4954   0.0782   2.2608   0.4001  -0.0667  -1.8419  -0.7183   1.5577   0.0124   1.0484
 -1.8975   4.6944  -1.5137   2.1242   0.7929   1.0793  -0.9046   0.8087  -0.5235  -1.1188
  2.6134  -1.2684  -4.5189  -1.8406  -0.2053   2.8438  -0.4297   0.1554   2.3999   1.6861
  4.0043   1.0410   1.4865  -1.3598  -1.0909  -3.7193   4.1846   2.0839   0.6764   1.3643
 -0.3259  -0.7672  -3.9984   1.5246   0.4306   0.1542  -0.6112  -0.0255  -3.0382  -2.8375
  0.3482   0.5348  -0.8046   1.9600  -2.3609  -2.5072   0.0873   1.1369  -0.3618   0.3275
 -1.7562  -3.0441   2.6146   5.8066  -0.7075  -1.6285  -0.7209   0.7114   1.5172   0.7232
  1.1130  -4.0983  -0.9684  -2.8885  -1.7546   0.0161  -0.1625  -0.0718   0.1054   0.2312
  0.2222   0.0343   1.4283  -1.6930   2.5004   0.2357   1.2465  -2.8645  -1.4987  -1.0895
 -2.6294  -2.2405   0.5810  -4.3425   0.0136   2.5295   0.1168  -0.2864  -2.2709  -0.0934
 -0.2513  -1.1605  -1.6216   0.4546  -2.9063  -2.6637   1.1810  -1.6444  -0.2627   0.3286
 -0.2075   2.4118   1.5046   0.4691   0.3232   0.4724   1.4310  -0.8406  -3.7165   1.3467
  0.8957  -1.3591   0.0980   1.3179   1.4891   1.3832   2.2451  -0.4784   0.1405  -1.8254
  2.6766   0.5711  -0.7084   0.4296  -0.9080   0.8038  -2.8310  -0.1753   0.2652   0.0888
 -2.6203   0.2969  -3.1445  -3.3336  -1.6394  -2.5339   1.5722   3.9316  -0.2034   2.7740
 -4.6827  -3.0982  -2.3808   1.1007  -2.5479   0.8751   0.9237  -1.1729  -0.6936   1.6437
  0.3640   2.6558   0.9175  -0.0145  -0.4024  -0.2379  -1.1931  -2.6294  -3.2869  -2.1342
  1.3725   0.7850   2.5377  -2.1906  -0.4416   1.0374  -1.4895   1.4838   1.8548  -0.2292
  0.5617   0.0241  -1.0844   0.2481   1.3703  -2.0837   0.1099  -1.0226   1.7482   1.7302
  1.0888  -3.5456  -2.3705  -0.3149   0.7677   3.1402   1.8516  -0.9347  -1.2739  -1.0550
 -1.2122   2.3786  -2.4354  -0.8188   1.1579  -0.9656   1.1412  -4.1352  -2.1599   1.2852
  0.3397   2.4135  -1.9477   1.2808  -1.5845  -0.6778  -2.1303   0.3073   1.7583   3.4337
 -1.4544   3.9479   1.4910  -2.0161   0.8015  -1.5070  -2.4004  -0.8910   0.5097   1.4610
 -0.3754   1.3533  -1.5975   5.9502   0.8748   0.8830   3.4221  -0.7153   1.8923  -3.6033
 -1.0226  -1.3627  -0.7971  -2.0145  -3.9751   0.6151   2.2368  -1.6357   3.5372  -0.3868
 -1.1274   1.2006  -1.4817   0.4465  -0.1337   4.5009  -1.2227   1.9488   3.3150  -3.0016
 -2.6319   2.2267  -4.6676  -1.1809   1.1511   4.6151  -1.4437  -1.8462  -2.6601   1.0437
 -0.7214  -2.3562   1.5062   2.2697   1.2019   2.2188  -0.7271   0.3319  -0.6278   3.1063
 -3.1540   1.3234  -0.5261   0.1660  -0.0929   0.8017  -0.6466   2.3794  -1.6548   0.0603
  2.5847   1.1593   1.0426  -0.5091  -2.3404   1.0901   3.1586  -1.6149   2.9120  -1.0600
  1.4469  -0.2541  -1.5496   2.2186   2.8059   1.3054   2.3743  -2.9537  -3.3520  -2.3630
  0.0314  -0.6566   2.0581  -0.7164   1.0472  -0.3193  -0.9170  -0.0301   0.2278   1.3414
 -0.6575  -3.0768  -1.1979  -0.6147   0.5098  -1.3267   4.4690  -3.1451   1.7794  -4.6959
 -0.0057   0.0122   3.5348  -1.1040  -0.7244  -1.3643  -1.1099   1.0519  -0.9208  -1.5618
 -0.1472  -2.1309  -1.2045   1.4128   2.8318   0.5387  -3.4705   1.1199   4.4633  -0.3906
  0.8641   1.8975  -2.5935   1.7474  -0.6386  -0.0444   0.4292  -0.9751   0.6480   0.0177
  0.9994  -0.5601  -1.3021  -1.6741   0.0569  -0.8464  -1.5359   0.3697  -1.9728   0.9142
  0.6730  -0.3469  -1.9610   3.5284   2.8272  -0.3469  -2.7211  -1.2195   1.5476   0.9985
  1.6105  -4.1984  -3.0186   1.3614   0.3498   0.0601  -1.6707  -0.5034  -5.6663  -0.9486
  0.8636  -0.4970  -2.5679  -1.1853  -3.0002  -2.9669  -2.1606   0.8492   0.2775   3.8237
  0.3175  -0.4764  -2.0674   1.7251  -3.0818   1.6689   3.2439   1.0500  -0.2402   3.8148
  1.3644  -0.4748   3.5632   1.8159  -0.8338   4.0036   2.7046  -1.9634   0.6512  -0.5243
  0.0485  -0.5837   0.1420  -1.6147  -2.7090  -4.3755  -1.4461  -1.0012   2.6876   0.0439
 -2.0025   4.6752   4.0765   0.3771  -0.2559  -1.1050  -2.6229   2.7671   0.7978   3.9163
 -1.4479  -3.7733   0.5956  -0.3674  -0.8994  -1.1230  -0.5303  -2.5284  -2.9662  -0.5911
  0.1421   1.4251  -0.8295  -1.5162   1.5689  -0.8647  -0.8944  -2.1648   1.5413   1.2239
 -0.3004  -1.5249  -0.7110   0.4252  -0.1381   0.1064   2.7410  -0.6828   1.8962  -2.9661
  0.8467  -2.1425  -0.8325  -1.6419  -2.4302  -4.0707  -0.5691  -0.6058   2.0115  -1.2621
 -0.1742  -0.5846  -0.5013  -0.2274  -2.2584   1.4621   0.5624   2.6990   0.4704  -1.9434
 -0.9104  -2.9155   1.7515   4.4567   0.4244   0.2815  -1.4244   1.6818   1.9420  -0.3627
  0.5473  -2.8389   3.5286   2.0663  -1.5028  -2.6424  -2.6243   0.7349  -0.9429  -1.9350
  1.0325  -0.7121  -0.9266   2.5093   1.6079   0.1260  -2.0992  -0.1720   1.8465  -1.2222
  2.9836  -0.6473  -0.3164  -1.1309  -0.8874  -2.2415  -3.0302  -1.0872   0.0612   2.9913
 -1.6390   0.7141   2.0003  -0.3062  -0.3131   0.7090  -2.1922  -1.6072  -4.4966   3.4298
 -2.1317  -1.6720   0.3940  -2.8534  -0.6732  -0.8263   2.1396   0.6745  -3.1567   0.8972
 -1.9502  -0.4157   1.3757   0.8010   0.6331   1.5398  -1.0364  -1.4212   0.0582  -0.6404
  2.0433   1.0214   0.0744  -1.9478   1.8569   1.2551  -2.5740   3.7965   0.2474  -1.8388
  0.8182   1.7260   0.9807  -1.7388   0.7359   1.2470  -2.9079   1.4783  -1.2066   1.6200
 -1.0041   0.1749  -2.1261  -0.1343   2.9901  -2.6765   1.3736   0.3112  -6.1101   3.0569
  1.9868   2.3871   0.1317  -0.3111  -2.7361   0.4803   2.1971   0.8468   3.1473   2.3948
 -0.8684   1.2266   1.6463  -0.9193   0.7098  -0.7521  -3.0481   1.7308   0.2091   1.0137
 -1.9516   2.0960  -3.3194  -2.9504  -0.5955  -0.3806   0.7960  -2.2099   0.7098  -0.8385
  0.1473   2.5965   2.5456  -0.8462  -1.0719   0.9993  -1.3559  -0.9403  -1.5942   1.1865
 -2.9967  -0.0805   0.4862  -1.0620  -0.1502  -1.3107  -1.4039   1.0403   3.2622  -0.4150
  3.3478  -4.0654   3.5361  -2.8536  -2.6605   1.9827  -4.1529   0.1125  -0.7520   0.0483
 -0.9782   2.9032  -0.5263   0.1191   1.4951  -0.3472  -0.8944   3.3186  -2.3325   0.6678
  1.0962  -2.8864  -0.7717  -0.1725  -1.0622   0.0078  -1.5940  -1.0128  -0.8716   2.2512
 -2.8877   2.6891  -5.3933   1.0027  -1.8880  -1.9165  -1.7298   0.3516   1.0945  -0.7173
  1.6433  -0.7592   1.7385  -4.4970   1.5274  -0.8292  -2.6370   0.0707  -0.3346  -0.0020
  1.2421   0.8967   0.0306   1.2226   0.0135  -4.1623   0.4332  -0.2164   0.7244  -0.7684
 -0.9626   1.1070  -0.5888  -1.1897   1.1087  -0.6755  -0.0023  -4.8794   1.6293   0.8207
  1.2518   1.9754   2.2877   1.0271  -3.1487   0.2003  -1.0623   2.6183  -1.4734  -4.1139
 -3.9746  -0.1413  -1.7727  -0.4118  -1.6056  -2.5301   2.6862  -0.2443   0.7718   0.8529
  3.3191   3.1604   0.7851  -3.2879   1.1443  -2.1203   3.5090  -1.1706   0.6490  -1.2943
  0.6858   1.1815  -0.8033  -0.3196  -1.1838   0.4081   0.0460   1.9374  -0.8185   3.2348
  0.7592  -3.9040  -0.0319  -1.7040   3.4655  -1.8899   0.1616  -3.2687  -2.0321   2.0538
  1.1932  -1.2033   2.6670   2.6899  -0.2971  -1.2732   3.3931   0.3363  -1.4679  -1.3656
 -1.4521  -1.5172   4.9809   0.4242  -2.7834  -0.1396  -0.2848   0.7785   1.8631  -1.0356
  0.9605   2.0714  -2.7502  -0.6093  -0.8161  -3.1860  -1.9665  -0.7116   1.2260   3.9091
 -2.0765   0.2602   1.5110  -0.9644  -1.5432  -0.8238  -0.3300   1.0969  -2.2352   0.8655
 -1.5183  -2.6419  -0.9242   0.2727   0.1061   3.3203   1.4329   0.2252   0.7477   0.9752
  3.6050  -1.5200   0.1598  -0.6880   1.9378  -2.7747  -0.7614   0.7308   0.8027   3.5699
 -1.3251   0.2052   5.9174   4.5970  -2.6875  -2.2687   2.5920   0.2463  -1.0741   3.5441
 -3.1646   1.3703  -2.0980   1.8747  -0.7766   2.9735  -2.9079  -1.4877   0.7575  -4.0452
  0.9841   2.7483   3.5155  -1.1497  -1.1661  -2.3386  -1.3784  -3.2302  -3.3568   0.0543
 -2.6708  -2.2494  -5.4866  -0.5201  -1.2476   1.1593   1.4488  -1.1581   0.0571  -2.5065
  0.0078   3.1328  -1.2349  -0.7896   0.2829  -2.7321   1.7674  -1.6187  -3.0910  -2.9589
  3.1829  -0.7372  -1.9145   1.0789   1.7523   1.6716  -0.1021  -1.7059   0.4205   1.3244
  1.2691  -1.7597   1.8892   4.0478   3.1946   1.2272  -0.2647   3.5979   0.4191  -0.8000
 -1.2284   2.5190   0.5083   4.5473  -1.1390  -4.5947  -1.0107   0.2318   0.4104   1.8932
  0.4248   1.8196   2.4384  -0.7006   0.1047  -2.1242  -0.3021   1.4368   1.7580  -3.0980
  3.3448  -2.9556   2.4338  -1.6387  -0.9577  -0.1094   0.5332  -1.4397   0.4210  -2.4952
 -3.2298   2.4324  -2.9255  -1.7550  -3.2146   0.7480  -0.6621   2.3648   3.1002  -1.0811
 -2.8307  -0.2549   0.7790  -2.0057   2.5391  -2.4735   0.4740  -2.4817   2.5828  -0.6558
  1.7790  -3.3096   3.5025  -2.4710  -0.1834   2.9023  -3.6173  -3.6987  -0.5350   1.8529
  2.7840   3.2746   0.8458  -2.0307  -0.2036  -1.0693   0.0497   0.0422  -0.7639  -5.9293
  3.5853   1.6400  -0.7323  -0.4508   1.0648  -0.7232  -0.7738   3.9449   0.7196  -0.9949
 -1.4608   0.6900  -0.9195   2.0212   1.6504   0.6744   1.2320   0.3930  -2.1852  -0.7332
 -2.6896   0.7814  -1.0949   0.1833  -2.8130  -1.3839  -0.4204   0.6711  -0.4000  -0.9411
  2.4876   1.8016  -1.1561  -2.8366   1.1779   2.0695   1.6816  -1.3018   2.3300  -2.2765
 -0.5529  -1.8691   1.0686  -0.3378   1.0833   2.2976  -0.5588   0.7475   4.1586   4.7276
  3.7432   1.7465  -3.3909   0.7351  -1.1516  -1.3991  -0.1481   0.5383   1.8053   5.1021
 -1.7169   0.3820   1.4686  -0.6479   2.2586  -0.5164   0.3724  -3.0770   1.3859   0.7302
  0.4007   1.2225   1.3398   1.9437  -1.7853  -0.6873   1.1829   0.6761   1.5135  -2.6488
  0.2982  -2.6600   0.9212   0.3414  -3.0647   3.1944   0.3183   1.2494   2.0668  -2.3125
 -1.5578  -0.6727   0.4221   0.6498  -0.4285   2.1272   1.4407   2.5209   2.8021  -2.6403
 -3.1306  -0.2436  -2.4742  -2.9086  -3.0793   1.4417  -0.0237   1.1740  -1.9467   1.7815
 -2.5142  -0.3846   0.2671   1.9305  -0.0907   1.2536  -1.2229  -0.4619  -2.1130   2.2221
 -0.2721   0.3503   0.6498   0.4723  -0.6013   0.2067  -0.0748   1.1224  -1.2077   0.3488
  2.8339   1.8648  -0.7333   0.9385  -1.1769  -1.5363   3.3337  -0.5260   0.8635  -1.5237
  1.5759   0.5291  -3.3820   3.7346  -0.1572   0.6463   2.8529  -1.0168  -2.5340  -3.5662
  0.7661  -1.5101   1.7427  -2.1455  -0.0101  -0.7291  -0.2443   0.5381  -2.2625   0.5173
 -0.0611  -2.3382  -1.7773   0.5911  -0.3521  -2.6163   4.1659  -3.2909   0.3953  -2.9192
  3.1028   1.0208   1.9316  -1.5190  -0.7775  -0.1929  -1.1324   0.3010   1.2328  -1.3126
 -0.3898  -3.2872  -0.6365  -0.0410  -0.9144   3.2599  -2.3196   1.3268   3.6258  -1.9928
  0.1121   0.2343  -0.6545  -0.1022  -1.0825  -1.8207   0.7284  -0.4601   1.5495   2.1239
  0.6543   0.2939  -0.4085   1.6628   2.9779   0.5522  -2.7714   2.3598  -1.9322   1.8967
 -0.8576  -0.4816  -3.6676   1.8732   2.0770   0.5866  -3.3023   0.4643   1.4277  -1.5410
 -0.7967  -2.6588  -3.5417   1.3884   0.0674   0.1184  -0.6638  -0.9871  -2.0909  -2.0809
 -0.1226   1.3106   0.1860   0.0051  -1.1073   2.1924  -3.0739  -0.5257   3.1268   0.8109
 -0.3228   0.0129  -0.6936  -0.6396  -0.5992   1.1695   4.5261   1.7045   2.2231   2.5218
  1.8316  -1.1709   1.6195  -1.6546  -0.3976   2.9360   2.0652  -1.1422  -0.5804  -0.1226
 -0.4776   0.7983  -2.3623   0.1723  -0.9997  -1.8641   1.4185  -0.9318   3.1187   0.2835
 -1.5735   2.4831   2.7044  -0.9106   1.8350   0.9574   3.2815   1.8868   2.3588   1.5405
 -0.1347  -1.9165  -0.5150   1.9666  -2.4075  -1.6756   1.3456  -3.0104  -2.9317   3.3399
 -0.9402  -0.8044   0.9972   0.4857   1.4996  -1.9452  -0.8270   0.0500   1.3983   1.1312
  0.0941   0.9000   0.5646  -0.5841   0.1353  -2.5607   1.5845   1.2502  -0.1086  -1.8537
  0.0819  -2.0492  -1.4303   0.5026   0.5290  -2.9264  -4.0412  -0.8915  -1.9171  -0.9803
  1.3029  -0.8679   1.3704  -1.0854  -0.4282   0.0113  -2.3797   4.3049   2.2493  -0.6638
  1.7065   1.2797   1.9217   1.4348   0.3990   0.2021   0.4284   1.3474   4.3543  -0.2907
  0.1946  -0.6411   2.2992  -0.9531  -1.3410  -2.6251  -0.9724   1.5014  -2.6227  -3.2800
 -1.2445  -2.6678  -0.8208  -0.0254  -0.2842  -0.1894  -1.0533   0.5844   1.3248  -0.9143
 -0.6980  -1.0936   1.9451   0.3460  -1.6480  -2.2868  -2.8369  -1.1090  -0.6722   0.9843
  0.1631   0.2275   2.9453   1.6573   2.4823  -0.1665  -2.0098  -1.5649  -2.2085   1.3642
 -3.2795  -2.1785   0.4319  -1.5639   1.4628  -0.9092   1.4518   0.3314   0.0316  -0.1711
 -3.1589  -0.1418  -0.2835   1.3644   1.0846  -0.0111  -1.3411   0.9892   1.9367   1.4141
  1.7960   1.0956  -1.0481  -0.3180   0.5648   1.0840  -1.1902   3.0194  -0.9636  -0.3895
  1.4515   1.4592   0.7362  -0.0185   0.9111   1.0728  -3.4555   0.6846  -0.5750   2.1918
 -2.3304  -0.9340  -0.3189  -1.0489   1.8407  -1.7242  -1.0021  -0.1916  -1.7737   4.1941
  3.4053   0.8673  -0.1982   1.0653  -0.5791  -1.5745   0.9681   0.4808  -1.0775   0.9529
  1.2316   0.0707  -0.6374  -3.8486   1.2783  -3.7389  -3.5366   2.0937   0.3802  -0.5292
 -0.5686  -0.3700  -2.3979  -2.3707  -1.4643  -2.3887   0.9382  -3.1117   2.7051  -1.0594
 -0.1855   0.5863   2.8863  -2.4537   0.1797   5.0194  -1.8864  -1.6987   0.7214  -1.2192
 -0.5173   1.1745   1.2103  -0.5410  -0.6868   0.1241   2.4409   1.9497   2.4136  -2.9032
 -1.2383   0.0615   3.2113  -1.8054  -2.6855  -2.5014  -3.7234  -0.1948   1.7050   1.2508
 -0.9596  -0.7435  -1.7057  -1.5755  -1.1390   1.0207   0.4254   0.9788  -0.4706   0.9085
 -1.5997  -0.5211  -1.3548  -0.1593  -2.2948  -1.3344   1.5451   0.7360  -0.6401   2.2754
 -1.9756   2.4595  -3.0917   0.0651   0.2277  -1.0183  -0.1150   1.5749   1.2087   0.8697
  0.0696  -1.7233   2.6555  -2.0552   2.3700  -0.7298  -0.5686   1.7922   0.3433   1.5730
  2.5123  -2.3817  -0.8786  -1.1280   0.9965  -3.4150   1.9542  -1.2711  -0.5271   4.5739
 -0.9919  -0.0654   1.7300   1.8807   1.4490  -1.8006  -0.7866  -2.9448   2.5295   0.2007
 -0.2717   3.1990   0.2315   1.8196  -1.4180  -0.4127  -1.5632   2.0341   0.9404   0.0794
 -3.2118  -1.9133  -1.6504   0.2836  -0.1357   0.4456   0.5983   0.2929   2.6490   1.7307
  2.9765  -0.4613  -0.1510  -3.9819   2.4537  -2.9446   3.6606  -0.5389   0.1549  -1.8805
  0.2411   1.0839   1.2220  -0.4945  -0.0484  -0.9862   0.3497  -1.3529  -1.8060   2.5839
  0.4034  -1.1294  -0.8334  -0.9486   0.7607   1.4551  -0.1009  -1.6468  -3.1997   1.0168
  1.0660   0.2294   0.9488  -0.9644   0.0432   0.2282   0.8854  -0.2510  -1.3001   0.6627
  0.4334  -2.7286   2.6458  -0.6366  -0.9628   2.2718  -3.5560   0.9641   2.3711  -0.8913
  2.2557   1.1425  -1.4388   0.0425  -0.1351  -1.3107  -2.7386  -2.5075   1.9659   0.9641
 -0.7825   0.1022   0.1755  -0.7356  -3.6457   0.0115   0.5128  -0.0298  -0.4912   0.9091
 -0.7197  -1.0966   0.1508   1.7380  -0.7083  -0.1612  -0.6080   0.9574  -0.5889  -0.9128
  1.3998   1.8741  -3.3905   3.9003   1.6209  -3.6179  -0.7679   1.4052   1.0943   0.5375
  2.4118  -0.7156   1.6899   2.0645  -2.4413  -0.1782   0.3918   1.5158   0.0356   4.4538
 -0.9928   2.7953  -1.7523   0.7166  -0.8249  -1.5083   1.5886   2.7999   2.5828  -2.6745
  0.1491   2.2670  -0.5798   0.0825   1.1409  -0.3311  -0.5723  -2.1825  -3.4577  -0.2150
 -0.8441   0.3889  -5.4505   0.8337  -2.4184  -1.4085   0.7233   1.1789  -0.8951  -0.8981
  0.9010   1.2463  -0.6656   1.9360   1.6595  -2.6786   0.6368  -0.6443  -1.9419  -1.3596
  2.6890  -1.7190  -3.1909  -1.3723   0.1419   1.7252  -1.3391  -0.2113  -0.4293  -0.4006
  1.2339  -0.2988   0.0317   1.9020   2.6874   1.0835  -0.4635   0.3378   0.1441  -1.9325
 -4.1806   2.2986   0.0901   2.7519   0.1626  -3.6644  -1.7814  -0.2530  -0.4288   1.0487
 -0.8636  -0.7490  -0.4753   0.7316   0.1964  -2.6723   0.8497   0.3878   1.7117  -3.2736
  2.7389  -0.3594   3.6965  -0.4635   0.3163  -0.6331   2.6110  -0.4275  -1.6745  -1.2601
  1.1831  -1.0411  -1.7408  -0.7424  -1.4128  -0.1378   1.9278   2.1117   2.2585  -1.3770
 -0.6503  -0.3021   0.0683  -0.8338  -1.2707  -1.0345  -1.9505  -0.8976   2.1280   0.4236
 -0.7575  -0.6760   2.6264  -2.4753  -0.1008   1.5718  -1.1995  -0.6018  -1.2890   3.9371
  0.3366   0.2644   0.1252   0.4919  -2.6331  -0.5484   0.1642  -1.5370  -1.4873  -4.2741
  3.1995   4.0741  -0.7169   1.4221  -1.8558   0.2066  -3.0662   1.0992   0.1769  -2.1222
  1.1339   0.1681   1.1961  -0.2224   0.2364  -0.8491   0.3122   0.9309   0.2506   0.3855
 -0.3813  -1.4742  -0.8745   1.3140  -0.2313  -2.6936   0.9635  -1.2095   1.6343  -0.0530
  4.0261  -1.7668  -3.3996  -1.1541   1.3261   2.0618   1.4898  -1.7334  -0.8932  -1.9957
  0.4269   0.0784  -0.1553  -2.2265   0.8323   1.8711  -0.2442  -2.7753   1.5387   4.4536
  3.2923  -0.7677  -1.1264  -0.2888   0.6523  -0.9092   2.3322   0.4435  -0.2656   1.6790
 -0.3121  -3.4906   0.2223   1.3906   1.4188   0.9953   2.6132  -2.1517   0.8015  -0.4570
  0.6734   0.0685   2.7702  -4.0642  -2.5963  -1.7774  -2.5446   1.3852  -0.6046   1.0738
  1.3717  -1.3462   1.8399   2.4353   0.8611   2.5082  -1.7384   2.9345  -1.3831  -1.6076
 -0.5121  -1.5804   1.7090   0.2301  -0.3335  -2.4472   2.5342   0.3232  -0.3994   0.3460
 -0.6819  -2.7271   2.0603  -1.8133  -4.5395  -3.2644   1.3627   2.9573   0.6845   0.4436
 -1.8747   1.9166  -1.0802  -0.3974  -1.1704  -0.9408  -0.6947  -0.5900  -1.4676  -0.9533
  3.2169  -1.0765   1.2141   0.3512  -0.4575  -0.6902   0.4404  -1.0958   0.6647   0.2222
  0.5605   0.6357  -1.9800   1.4046   0.9089  -2.6617   0.1428   1.1368  -2.1463  -0.4994
  0.2618   1.1829  -1.7619   1.3482  -3.2009  -0.4802   0.7620   1.9807   0.8945  -1.2095
  0.8238  -0.7003  -0.1539  -1.5676  -0.8287  -0.1338   0.6903   0.4585  -2.4851  -0.9222
  0.8961   0.7662  -0.5012   1.3117  -0.9199  -1.2380  -0.4535  -0.0501  -1.5739   2.0334
  3.1134   0.9127  -1.7811  -0.4255  -0.0963   1.1867   0.0111  -0.8165   1.9214   0.4581
 -0.0348  -1.2846   0.4295  -1.6076  -3.9597   2.2930   1.2539   0.2032  -0.4937  -1.6454
 -0.4268  -1.6777   2.2338  -1.8292  -0.3709  -1.7857   0.2306   0.2535   0.6916   2.0052
 -0.3300   0.9129   1.0106   3.3204   2.9994   1.6283  -1.2218   2.0204   0.3011   1.2504
 -1.5774  -0.3629  -1.6070  -1.5119  -1.0568   0.7884  -0.5226   1.6587  -0.1728  -2.2781
 -2.1983   1.5105  -0.4285   0.0829  -0.1023   0.1027   0.7455  -0.8142   3.6090  -1.2657
 -1.1707   1.7826   2.8200   1.3081   1.9641   4.9592  -1.1224  -1.2351   2.9428  -2.9850
 -0.4493   0.6027   1.2527  -2.6670   2.3359  -0.6809   1.3057   0.6274   2.3413  -1.2570
  0.4419  -0.8752  -1.9978  -3.3301   0.3860  -0.9566  -1.0364   0.7937  -1.2523   0.4949
 -0.8657   1.2884  -2.2618   1.7055   1.7341   2.2729   2.9657  -0.0799   0.1244   0.2915
  0.4444  -1.8783  -1.2653  -1.1778   1.9412   2.1732   5.7960  -0.7911   1.3894  -2.3119
  1.2048   1.7848  -1.2547   2.3091  -1.3064  -0.3338   1.8444  -0.4024  -0.1384   3.5946
 -1.2119  -2.1663   2.0234   1.8531  -0.1981  -1.2743  -0.0571   2.0879  -0.3517   0.0722
  0.6249   2.4163   1.1808  -0.8816   0.0264  -2.6529  -0.9990   1.9533  -1.6600   1.0649
 -0.6787   0.0535  -0.7766   2.2243   2.8104   1.0538  -3.6698  -0.0005  -4.0198   0.4080
  1.3958  -0.4269   1.8496  -0.8195   1.4915  -1.3901  -2.9210   1.8608   1.9317   1.2870
  2.3642   4.1136   0.2863  -3.0432  -0.0744   0.1230   1.9547  -0.2856   2.1873   0.3238
 -0.5044   2.2796  -1.0620  -2.9319   0.0574  -0.1275   1.5946   0.5788  -1.7275  -1.4805
 -2.1893  -1.9072  -0.2578  -2.5933  -2.1270  -0.3525   0.8995   0.4734  -0.4161   0.2495
 -3.4464  -0.0995   2.0732   1.2926  -0.7461  -0.2534   0.6369   0.0093  -0.6341  -2.0337
  1.8417  -0.2386   0.8783   1.8763   2.7109  -0.6502   0.2210   0.1953   2.2237  -1.8040
 -1.1681  -0.4376   0.3029   1.3546   2.0446   0.1101  -0.7989  -0.4679   3.1693  -1.0416
 -1.2474  -0.0741  -1.8478   0.7130   0.6700  -1.3774  -0.4685   2.5937   1.6929   1.7828
 -0.1105   0.0287  -1.4330   1.5496  -1.0779   0.0308   1.2282  -1.0774  -1.0440   1.2061
  0.4624  -0.2477  -0.4118   1.8809   0.5089  -0.1549  -0.4439  -0.6601   0.4592   0.2585
 -1.3171  -1.5087   1.9732  -0.9346  -1.2683   0.8347  -2.0679  -0.7420   4.5486   1.1979
  1.5001  -1.7148  -0.2016   1.4243   1.9252  -2.1529  -1.2101  -0.5101  -4.1802  -1.5952
  2.1211  -1.4283  -2.6253  -2.7325   0.6757  -2.8540  -0.6107   0.2031   0.1113  -1.4378
  1.3213  -2.6073   0.9682   0.4964  -1.2036  -2.0006   0.3370  -1.0502   1.8814  -0.2183
 -0.3001  -1.9796   0.2576  -1.4200   1.1532   4.3447  -0.5200  -0.5387   2.3919  -2.4753
  2.4386   1.1949   0.6415   0.7131  -0.2376   1.6558   3.9023   0.7190  -0.8730  -2.5629
 -4.5644   4.0861  -0.3223   1.2031  -0.1444  -4.5456   0.3383  -0.3651   2.3567   1.2292
 -0.1073  -3.5070  -1.0860  -1.6741  -2.4891   1.4793   0.9609  -2.2781   1.5809   0.0738
 -2.6186   2.3158  -0.3666  -0.2216  -1.0060  -1.2181   2.9627   1.9261   0.1197   0.1589
  0.8670  -0.2587   2.3223  -0.8447   1.8796   0.9778   1.3966   1.2328  -0.1684   1.4617
 -1.0548  -1.1333   0.6695   2.6673   0.6714  -0.1550   1.7963   1.7799   0.7130   1.5377
  1.0904  -3.2308  -1.0350  -2.6220   0.9200   0.7306   1.8739  -1.2143  -0.9662   5.3586
  0.3374  -1.0940   2.1350   2.9866   0.2892  -1.2474  -0.7984   2.1731   0.8113  -0.7891
 -1.6248   1.2946  -1.7312   0.7329   1.7482  -0.4172  -0.4997  -0.7232   2.2972   4.0720
  0.6938  -1.7015   0.0009   0.6798   1.5925   2.9163  -1.9494   0.6173   1.9521   0.8755
 -0.0048  -3.5501  -0.9872  -0.8405   1.3308  -0.9580  -0.1445   0.8753  -0.5488  -0.5891
 -0.5615  -0.0323   1.9322  -0.0074   1.1620  -1.6284   0.1976  -3.2239  -0.9635  -0.4062
 -0.2433   2.5609  -1.0152   0.8682  -2.4875   3.3033  -0.5142   1.6184  -0.9957  -1.2315
 -0.0838   1.3889  -1.7195  -4.0807   0.4753   1.4667  -2.3509  -0.3795   0.0536   1.7183
  2.0083  -1.2956  -2.4227  -1.1642   1.6246   2.5863  -3.1916   0.5177   0.5108  -0.1815
  1.1634  -1.0879   1.2496   0.3839   0.5570   1.9233  -0.8756  -1.7093   0.5452  -3.0952
  1.5695  -0.3720  -1.3639   0.1141  -2.0009   1.0546   0.6028  -1.0402   1.7171   0.2259
  0.9617   1.5302   1.1638   1.2641  -0.9788  -3.3105  -1.9646   1.1110  -1.4521  -1.7553
 -2.6354   3.2317  -3.3318   4.5719  -0.0911  -0.5752  -0.3475   0.5868   0.3511  -3.3633
  3.6017  -0.8328  -4.2240  -2.4216   0.4760   2.3614  -2.0132   1.4444   1.4760   1.0300
  2.1748   0.9050   0.0819  -1.1516  -0.1855  -4.5487   4.6343   4.2538   1.9055   1.4148
 -0.8950  -0.7666  -4.2233   1.2765   2.1229   2.0312   1.0210   0.9869  -0.1348  -0.5254
  2.2722   2.5556   0.0935   1.2827  -0.9502  -2.8415  -0.7724   2.0660  -1.0673   1.5203
  0.6524  -1.9397   0.7041   2.9791   1.3991   0.0753  -1.2755   0.8865   1.0414   1.6389
 -0.7151  -1.1267  -0.9283  -2.3477  -1.4519   0.2355  -1.2395   1.4792  -0.8996  -1.8468
 -0.1892   1.1077  -1.7581  -2.5502  -0.4458  -0.2780  -0.0902  -3.5206  -0.1425  -1.1909
 -3.0489  -0.3076  -0.2330  -1.8800   0.9277   1.1324  -0.5583  -0.6268  -0.9426  -0.9217
 -1.4819  -2.5329  -2.8898   1.4603   0.1795  -0.5937   1.2483  -0.9406   0.0851  -0.2901
 -0.5646   2.7762   1.2675   1.0595   1.3423  -0.5876   2.0090   1.1940  -2.0384   1.1875
  4.2176  -3.3662   1.5527   1.0293   1.6752  -0.9684   2.4330  -0.2784  -0.5599  -0.1870
  2.1340  -0.0670  -0.8153   1.0921  -3.8407   1.1439  -2.4694   1.6533  -0.2711   1.2872
 -2.7597   2.3136  -0.9518  -0.0139  -0.0950  -1.2878   2.6444   3.2791  -0.8015   2.2217
 -2.5259  -3.1236  -0.9855   2.5108  -2.4491   0.7959  -0.0613  -1.7913  -0.8464   1.6719
 -0.5482   2.4788  -0.1691   1.9488  -2.8577   0.9369  -2.1258  -2.8913  -0.7987  -1.0435
  2.3749  -0.1884   2.0156  -2.4130  -1.2427  -1.8249  -0.4646   0.5584   2.6184   0.9757
  2.2563  -2.2077  -0.1060   0.7907   2.7755  -1.4088   1.2032  -1.6611   2.0508   0.8057
  1.7525  -3.2642  -2.1728   1.7555   0.0082   0.1286  -0.1847  -0.3747  -3.4642   0.1528
  0.8708   2.0083  -1.4478  -2.0313  -0.2592  -0.6128   0.4348  -3.7361  -2.4836   0.0007
 -2.5700   1.9995  -1.2189   0.6953   1.8273  -1.2371  -0.8093   0.0643   5.3889   0.4062
 -1.0806   5.6324  -0.1476   0.4654  -0.6993   0.2869  -0.5205   6.0017   1.5780   2.0225
  0.8378  -3.7817   0.2321   1.2421   2.7618   2.7070   0.0901  -1.3081  -0.7461   1.1274
  1.5299   0.5016  -2.8482  -2.0279  -2.9311  -0.2085   0.2370  -2.4548   0.4368  -1.1507
  1.4097   0.0749   0.3287   0.0040  -1.1961  -2.2264  -1.7374  -1.0144  -0.5645   4.7491
  1.9343   0.6547   0.1779   0.6709   3.2334   1.4385  -1.5461  -0.3522   1.5853   0.8350
  0.5935   0.4870   0.9417   0.2073   3.1235  -1.1744  -1.8655  -0.8897  -0.0305   2.4033
 -1.2489   1.2704  -1.1132   1.3164  -0.7585  -2.9940  -2.8217  -0.2179   0.6565  -0.9131
 -0.0518  -1.3247   1.1658   2.2755  -0.1780   3.0004  -1.8745  -0.1040  -0.4574  -0.7885
 -3.8627  -0.4265   4.5767   1.2205  -1.1744  -0.5015  -3.1987  -2.8328   1.6553   0.0130
  0.9650  -0.4930  -1.3635   1.1324   0.5209  -0.6737   1.2903   0.7274   5.5013  -0.8437
 -4.3165   0.6423   4.6037  -2.8250   2.3618   2.5404  -1.3001  -0.6962  -0.7219   0.4628
  2.7004   0.4954   0.9546  -0.7151   0.1662  -0.2919   3.5306  -0.7538   0.2961  -2.7880
 -0.5694   1.6190  -2.5871   1.1318   1.4486  -3.1176  -0.1829   0.8008  -3.0741   1.2833
 -0.3688  -0.6785  -2.9794  -0.4911  -0.6175  -0.0025  -3.1158  -0.5088  -5.3564  -0.1458
  0.3868  -0.5708   0.2366  -3.0882  -1.0015  -0.7677   1.3137   0.2733   1.4070  -3.3317
  0.3963  -1.1578   1.3117   3.0461   1.2105   0.0450   0.6326  -2.2295  -1.6730   2.9901
 -2.0243  -1.9905   0.4538  -0.7498   0.4972   0.5762   0.4517   1.7558   1.1855   3.9375
 -2.4075  -0.2167  -1.7325  -0.7260   2.2468   0.0530   0.9971   3.1790  -1.8689  -0.8669
 -0.2529  -0.4161  -0.1161   0.6585   0.6267   0.7776  -1.5538  -1.0080  -2.5720  -1.4917
 -1.5494  -0.5973   0.2635   2.4230   0.8205  -1.8635  -1.3370  -0.6180   0.3519  -0.4313
 -0.4781   2.6600   0.5612  -1.0038  -0.3991  -0.3792  -1.5906   0.2555   0.1453  -0.9717
 -0.5800   0.8588  -0.3707   0.5224  -4.6254  -1.8428  -3.6659  -1.4848  -2.7808  -0.7858
  1.1220  -0.6887  -1.3835  -3.4035   1.1947   0.7730  -1.2753  -3.3022   2.1471  -0.5903
 -1.1316   2.4936  -0.2394  -0.2318  -0.9671  -1.1344   0.7383   3.1908  -1.1958  -1.0631
 -1.5292  -0.8672  -0.1017   1.2795  -1.1124   2.1577   2.3850  -5.8459   4.1948   2.4535
  2.0180  -1.3247   0.2724  -0.8777   0.3118  -0.4131   5.2753  -1.6633   2.0164   2.4073
 -0.7239   2.8711   0.8651  -0.1406   0.9798  -1.8328  -0.6747  -2.4200  -2.1972   0.5281
  0.1584   0.0078  -1.2051   0.9817   1.4468   0.2564  -1.8293  -2.6091  -1.8574  -2.9511
 -0.0828  -3.1869  -0.3276   2.6264   1.3301   2.6053  -4.2280  -0.1799  -1.8637  -1.2236
  1.4237   0.6660   1.8780   1.3638   2.2476  -1.1881   2.1033  -0.1437   0.4635   2.0699
  2.4830   0.7015  -2.1788   1.5917  -2.5948   1.2746   0.0270   0.2825   1.8402   0.5017
 -2.2135  -1.4937  -2.6490  -2.1897  -1.8959   0.9730   0.0577   1.2050  -1.8300   1.0397
  2.0843  -0.2528  -0.9600  -1.1918  -1.5818  -0.1109   2.9593   1.9569  -5.1234   0.9473
  0.3692  -0.1046   0.8238   0.0545  -1.8402   3.1920   0.4758  -0.4137  -0.6668  -1.2225
 -0.0066  -0.3832  -0.5346  -3.2486   3.0940  -2.3554   1.3774  -1.6312   0.8903  -1.0460
 -2.7069  -1.6918   2.3949  -1.6088   0.5899  -0.5188   2.9847  -2.9206   0.1439  -2.3273
 -0.6138   1.6498  -1.2938   0.9272  -1.0886  -0.0096   0.3231   1.0240  -1.9391  -2.0112
  1.4861   1.1078  -0.6017  -0.1907  -1.3431   5.3790   0.8450   1.0653  -0.6450  -0.2819
 -2.3017  -0.6054  -0.3824   1.7430  -3.0834   3.3448   0.1032  -0.9246  -0.6349   1.8682
  0.8944   1.3492  -0.6200   0.2930   0.5997   2.6610   1.4970   2.4859   0.0600   1.9660
  2.5012  -0.2068  -4.1255  -0.7155   0.2587  -3.6297   1.2397   0.5814  -1.4690  -0.8016
 -0.5442  -1.3877  -0.9804   0.5443   1.8090   0.3641   1.1160  -1.2558   1.2721   1.3715
  2.5130  -0.6623  -1.9175   3.0417  -1.9740  -0.3028   0.9238   0.9590   1.4258  -1.8913
  2.4560   1.8370  -0.2594   2.4828  -0.4718   2.0267  -0.3660   2.2741  -0.2672   0.1477
  1.2552  -3.5691  -0.8856   1.6386   2.2781  -0.8853  -2.5727  -0.1355  -1.4916  -0.3121
  0.6845   1.2595   0.9748   0.2433  -3.0546  -0.5847  -1.0654  -0.8189   0.8585  -0.2076
 -1.2205   3.2951  -0.9572   2.2827  -1.2773   1.6223  -1.3335  -0.1426  -1.5414  -2.7492
 -2.1410   1.7992   0.5720   2.4913   1.0885   3.0834  -1.5199   0.6949   0.8477  -3.5821
 -0.5106   0.6001  -0.4381  -1.5325   1.9508   0.6385  -0.7335  -0.8842  -0.4421   1.5552
  0.2158  -1.2869   0.0986  -1.2009   1.5633   1.2616   1.7120   3.4036  -3.0168  -3.7805
  0.9847  -0.3063   0.9290  -0.5896  -0.3249   0.7486   0.1568   1.2831   0.9270   0.6749
 -5.7686  -4.2344   2.1704   0.4702  -2.2841   3.1423   1.1701   0.1632  -1.1711   2.2180
 -0.0619  -0.9956  -2.2385  -1.9778   0.5695  -1.6381  -2.3951   3.8990   0.9522  -2.9847
  1.3387   0.4008   2.9113   0.0925   0.9959  -0.1861  -0.2481  -0.1268   0.9627  -1.5365
 -1.8620  -0.9566   0.8755   0.6270   2.1441  -1.1412   1.1228  -1.0651   1.4925   1.3227
 -1.4108   1.8384   1.0806   2.4290   0.2166  -0.9090   2.6140   0.2280   0.2381  -2.2943
 -0.0877   1.7479   1.4515   3.5239   0.6462  -1.4285  -1.6685   1.7946  -0.4742  -0.4311
  1.2928  -1.0268   0.1162  -2.6638   2.1362  -1.8341   0.5423  -0.0573  -1.8801  -0.8148
 -0.9381   0.0300   1.5187  -1.3137   1.6703   1.7704   1.0073  -0.1527   2.0570   3.4002
 -0.4922   0.8702   3.1043  -4.0886   1.9197   2.5908   0.9931   0.6867  -0.8185   2.6937
 -0.1815   1.0837  -3.1861  -0.8677  -0.2963   0.5616   1.0703  -1.1914   1.5320  -0.5165
  2.8962  -1.8461   3.0508   0.3037  -1.9812   0.6536   0.7557  -2.7085  -1.3495   0.5922
 -0.0314  -1.0891  -2.0584   0.5643  -1.5140  -1.3624   0.5030  -1.3939  -0.5986  -2.0519
 -1.3812  -2.7972   1.8561  -0.2975  -0.6752   2.0636   0.7589  -1.1828   1.1821   0.0570
 -3.9534  -1.3399   2.6420   1.8417  -2.2350  -0.4062  -0.1387   1.5041   1.4136  -1.0558
  1.4781  -2.9776   2.2658  -1.2799  -1.2684  -1.0123   1.7101  -1.3642   2.0183   1.8343
  0.1357  -0.4597   2.1179  -0.3832   2.3655   1.1303   2.7911  -0.0779  -2.7300   1.3436
  2.5953  -3.2989   0.7008  -3.6373  -1.8661   2.7706   1.1779   1.2247  -1.4389  -0.2339
  1.1675   3.4744   0.2917  -0.9156  -2.5876   0.1595  -0.3806  -0.9802  -0.5573   1.5075
  1.0701   0.7032  -1.7737   0.0221  -0.6229   2.0774  -1.3438  -1.8782  -1.6469  -0.9736
 -3.9696   0.8391   0.7116   0.1370  -1.3877   1.7769  -1.1557  -2.1570  -0.3016  -0.2423
  1.4730   0.7308   0.7180  -0.5224   1.7781   0.1318   0.2826  -1.5257  -0.2135  -2.2201
  0.6082  -1.5589  -3.0269  -3.9450  -1.9113  -4.3545  -0.9777   0.2340   0.6791   0.1847
 -1.5964  -0.6286  -2.9734  -1.5551   0.0358   0.7166   1.6140   2.2521   0.0266   0.7914
 -0.2945   0.0109   0.8982  -3.2462   4.1541  -1.2116   2.1607   0.8052  -2.7722  -1.9228
 -0.0243   0.6462  -0.7795   1.3460   1.8421   3.0375  -1.5726   0.5304   0.0374  -1.3949
 -2.1231   2.7602   0.3357  -1.0696  -1.2909  -0.5055  -0.6438   0.9494   0.6055   1.7418
 -1.9958  -0.1588   1.3732  -1.5053  -0.1905   3.5110   0.1954  -0.0004   2.5635  -0.3471
 -3.2276   1.1781  -1.3183   2.6768   1.9311  -1.3156   1.9643  -0.4752  -0.2620  -0.2653
  2.5365   1.7365  -2.8479   1.6312   0.4775  -1.6557   0.0962   0.3750   3.2320   3.7528
 -2.1553   1.9995   0.3732  -0.0095   1.9415  -0.8558   1.0338  -0.0067   0.8464   1.0908
  1.0394   1.0617   1.7872   1.3430  -1.8436   0.3454   0.3520   0.1256   0.2626  -1.7085
  1.1546  -3.0207   0.1922  -0.3967  -2.8770   3.4586  -0.2315  -0.7348   1.4793  -2.4810
 -1.0471  -1.1527   0.9029   0.3027  -1.2520   1.2952   0.8304   0.8367   0.8171  -0.8202
 -1.6063   0.4700  -0.6183  -2.7548  -2.5526   1.3410  -0.3715   1.8099  -1.3578   0.7754
 -2.2446   1.1502   0.3418   1.7860   0.3471   0.7411  -1.4577  -0.3588  -2.2250   1.9695
  0.2754   1.3646   0.8739   0.2983  -0.9691   0.1816   0.4213   0.5964  -0.7427  -0.3471
  2.8578   1.9476  -0.7447   1.5305  -0.5176  -0.4654   1.8375  -0.3576  -0.1929  -2.1637
 -0.4733  -0.1774  -2.0512   4.0204  -1.1531   0.3698   0.7322  -1.2103  -0.9160  -4.0825
  1.7167  -1.4792   0.8180  -2.5542  -0.1875  -0.5082   0.0408   0.6973   0.6975  -0.0442
 -0.9224  -0.9769  -0.2224   0.0911   1.1471  -0.8999   3.3136  -2.7744  -0.9778  -1.3922
  3.6030   0.7680   1.2251  -1.9974  -1.2140  -0.0467  -0.3671  -0.2828   1.5684  -1.7306
 -1.0148  -1.0179  -2.3494   0.5159  -2.2057   1.7306  -0.9800   1.2230   0.3465  -1.8088
 -0.2535  -0.1676  -1.7428  -1.1357  -0.2470  -1.4591   0.3821  -0.3857  -0.9531   1.5104
  0.0471   0.9480   0.8344   0.5888   3.2384  -0.0230  -1.7168   1.6071   0.0066   0.3338
 -1.8614  -0.5639  -2.3697   2.1273   1.8184  -0.6178  -2.2945  -0.7497  -1.4031  -0.9872
 -1.3431  -1.9106  -2.1324   0.0288  -0.2656   0.6939  -0.8567  -0.9267  -0.4105   0.8710
 -0.1107   1.6024   0.5309   1.0631   0.5472   2.5674  -3.4075   0.4124   2.6057   1.1574
 -0.0950   1.4466   0.1311  -1.0787   0.1203   0.8722   2.4425   1.1034   1.1908   0.2263
  0.6686  -1.8983  -0.3491  -0.8323   0.1907   1.0246   1.2826  -1.1580  -1.1706   0.1734
 -0.4100   1.1312  -1.6101   1.0338  -0.8733  -1.2618   0.0772  -1.1114   2.0938   0.5519
 -1.3054   1.0981   1.3886  -1.1237  -0.0643   0.5019   2.8861  -0.3161   0.8856   0.7493
 -0.8108  -1.1848  -0.5609  -0.0504  -0.2143  -0.8010   1.5579  -2.9204  -1.3192   2.6482
 -1.7459   0.2274   1.3058   1.3982  -0.2829  -2.4181  -0.6220   0.9670   1.4581  -0.3333
 -0.2546   0.4574   1.9825  -0.6363  -0.6031  -1.0999   0.3573  -1.1675   1.4927   0.4622
  0.2815  -2.6977  -1.2608   0.6959   0.6189  -1.9852  -2.5961  -2.4065  -2.3664   0.1820
  0.2648   0.3542   1.5662  -1.9686   0.4707   0.3308  -2.3183   2.5155   1.7557  -0.2124
  1.9142   1.4712   0.4775   1.5393   1.1515   0.1861   0.5089   0.4702   3.3251  -1.1487
 -0.8210  -1.1939   0.6620   0.3442  -1.0196  -1.1616  -1.7904   1.3369  -2.2740  -1.6961
 -1.3775  -2.2818   0.2742   1.1111   0.1755   0.0653   0.4753   0.6030   0.7375  -0.5027
  0.0753  -1.2729   0.7087   0.7193  -1.1439  -0.9065  -1.6004  -1.7819  -0.5020   0.2058
 -0.4404  -0.0221   2.3876   0.0548   1.7190  -0.3664  -1.9246  -0.3340  -1.8528   0.8850
 -2.3115  -2.5693   0.1497  -1.5103   1.0578  -0.8345   1.3565   0.0825  -0.9362   0.0687
 -0.5572   0.2450  -0.6480   0.3863  -0.2331   1.0766  -2.2450   0.9184   1.9369   1.1701
  1.7969   1.0088  -1.3372   0.1960   1.6567   0.2254  -1.0102   1.3960  -0.0149   0.0639
  0.3785   0.2102   1.6963  -0.2784  -0.3251  -0.1842  -2.0767  -0.7787  -1.1918   2.0249
 -2.0440  -0.1015  -0.3154  -0.8052  -0.4786  -1.9317  -0.7563  -0.2612  -1.1014   2.0564
  2.8504   0.9612  -1.3396   1.1845  -0.5003  -1.0563   1.7018  -1.1401  -1.6776   0.7943
 -0.4437  -0.0639  -1.1402  -2.3855   0.7025  -2.1479  -2.4221   1.3419   0.1078   0.4099
 -0.2184  -0.7196  -2.6502  -0.4226  -0.3093  -0.5865   1.0480  -1.4375   1.7654   0.2129
  0.9217  -1.3443   0.6660  -1.3228   0.1175   3.1783  -1.5745  -3.5025  -0.1474  -1.4703
 -0.0213  -0.5495   0.4074   0.1111  -1.0416   0.9800   2.3031   0.2897   1.9076  -2.0800
 -1.4853   0.7477   1.1702   0.0047  -1.7480  -3.2754  -3.2095  -0.3072   1.0082   0.0088
  0.0326  -0.5440  -1.2039  -1.5094  -1.3757   1.4648  -0.4021   0.5356   0.0135   0.7054
 -2.5604  -1.5349  -2.0284  -0.2411  -1.6333  -1.5492   1.8853   1.1287  -1.6471   0.7283
 -2.4859   0.1910  -1.5305  -0.1296  -0.0030  -2.5470  -0.8979   2.0233   0.5292   0.2934
  0.2460   0.2778   1.5390   1.4662   2.1367   0.8104  -0.3261   0.3619   0.8567  -0.4075
  1.4134  -1.9624  -0.1073  -0.7029   0.6352  -1.1632   1.3820  -1.4317  -1.2483   2.4046
 -0.2756   0.8963   0.3672   0.8071   1.4182  -1.0503  -0.9190  -1.7343   2.1797   0.8956
  0.5969   2.1645   0.1582   0.5293  -0.1923  -0.4642  -0.5690   1.4194  -0.6365  -1.0849
 -1.0200  -2.3567  -1.6264  -0.2039   0.3427   2.0611  -0.2840   0.7501   2.9741   1.5056
  0.5222  -2.8282   1.0074  -3.3736   1.3053  -0.9711   1.9653  -0.0874  -1.3329  -1.1275
  1.1878  -1.1943   0.8150  -0.2062   1.0716  -1.9180   0.1594   1.1579  -0.8908  -0.1904
  0.3208   0.7242  -0.0138  -0.4231   0.4662   1.7026  -0.2398  -1.6449  -2.1087  -0.3168
  1.3467   0.5696   0.8632  -1.1055   0.5616   0.0603  -1.3564  -0.6260  -0.5465   1.5356
  0.6266  -1.1610   1.0081  -0.8598   0.0459   2.3791  -2.1193   0.6964   2.5072  -1.0052
  1.7671   0.1949  -0.4312   1.5074  -0.0620  -0.4030  -3.1170  -0.5059   1.0412   0.5709
  0.6392   0.3998  -0.7124  -3.0573  -3.3965  -1.2645   1.5325  -0.0571  -0.0564   0.5099
 -0.1046   0.1845   0.4728   1.3156  -0.1374   0.0635  -0.8644   0.6808   0.1129  -0.8005
  0.3417   1.5149  -1.8825   2.4428   2.1711  -2.8007   0.5392   1.5965   1.3009   0.6442
  3.3076   1.0262  -1.2773   0.6955  -2.1105   0.1668   0.0369   1.4530   0.5950   3.5552
  0.1098   0.4938  -0.0765   1.0130  -1.4763  -1.6247   3.1772   1.8580   2.4632  -1.7598
 -0.3275   1.1286  -2.7938   0.2996   1.3500   0.0479   1.2894  -2.8676  -1.6204   0.1138
 -0.5347  -0.3747  -2.4461  -0.1506  -1.9327  -0.3482   0.7828   1.0369  -0.3767   0.6166
 -0.5117   1.0123  -0.1114   0.7981   1.4021  -1.4710  -0.2542   0.7805  -0.8058  -1.5283
  2.2708  -1.8193  -1.1948  -2.2320  -1.0485   0.5419  -0.8898   0.1649   0.6309  -0.7872
  0.8815   0.4584  -1.1463   0.8288   2.0558   1.9145   0.9378  -0.3601  -1.3310  -0.5530
 -2.0433   0.6930   0.3921   1.5308  -0.8265  -2.2876  -1.0145   0.4321  -0.4578  -0.0757
 -0.9696   1.3879  -1.7169   0.8314   0.8132  -0.5113   0.6191   0.2208   1.4711  -2.2406
  3.5868   0.7231   1.9721   0.1191   0.5695   0.2318   1.6418  -0.3009  -1.7185  -2.1336
  0.5321  -1.7110   0.4458  -1.0198  -2.4333  -0.6816   0.9833  -0.0077   1.1894  -0.3248
  0.2093   0.1107   0.7471  -0.8123  -2.3246  -0.5648  -1.5935  -0.6279   1.5601  -0.4295
 -0.7435  -0.3481   1.4939  -3.4043  -0.8941  -1.6332  -1.0644  -0.8696  -1.1690   3.0923
  0.9631  -0.5590  -1.7826   0.4467  -2.6222  -0.0392   0.7553   0.1489  -1.5442  -3.2005
  1.6937   3.8904  -0.7912  -0.0319  -0.1720   0.0208  -1.8829   1.6731  -0.4033  -2.9903
  1.8620  -0.2867  -0.3044   0.6711   1.4990  -0.9916  -0.1499   1.0555   1.1487   0.1935
 -0.5169  -0.9578   0.0697   0.7125  -0.4015  -2.4214   1.4903  -0.6285   2.6264   0.9200
  2.8319  -1.1128  -1.4580  -0.3423   0.0867   2.4979  -0.4153  -0.8625  -0.1343  -1.0607
 -0.7961   0.7246  -0.7757  -0.6479   1.4694   1.2008   1.1687  -2.7350   1.1063   2.8592
  0.4037  -0.7206   0.0717  -0.1542   2.0458  -0.8315   1.7881  -0.0386   1.8400  -0.7565
  0.2144  -0.7158  -0.8616   1.8252  -0.1714   1.1777   2.3814   2.2303   0.7947   0.0855
  0.8637  -2.5037   2.3969  -4.2943  -0.2250   0.0683  -2.8057   0.3794  -1.6497   2.9014
  1.9032  -0.0402  -0.2053   1.2532   1.1788   0.6869  -1.6866   0.8994  -2.1755  -1.0905
  1.2943  -1.3860   1.9472   0.0552  -0.7910  -4.5599   1.0681  -1.5013  -2.0478   3.9448
  2.0081  -2.0480   3.5824   0.2064  -1.3378  -2.9407   0.8656   2.0666   2.3425  -0.0877
 -0.1592   2.3587  -0.8404  -1.3377   0.2918  -2.2523  -0.9370  -0.9756  -0.0872  -0.8255
  2.6196  -0.6169   0.5570   0.7729  -0.4355  -2.2283  -0.8433  -1.9119   1.6196  -0.3095
 -0.8046  -0.7865  -0.8973   2.1157   1.2682  -0.3496  -2.2917   1.4979  -2.4153   0.0143
 -2.4427   0.4512   2.3520   0.1510  -3.6505  -1.2138  -2.4135   0.9200   3.1768   0.5445
  0.9960  -0.2184  -2.0592   0.0911  -0.4352  -0.2608   1.4230   0.6284   1.5461  -1.3119
 -1.3266   2.3951   2.4576  -0.5162   0.3489   1.5137  -2.7621   1.1169  -2.0598   3.4692
  3.1752   0.8079  -2.1476   0.1209   0.3617   1.2255   2.2045  -1.2032   1.4386  -0.3639
 -0.1839   1.1606  -0.5796  -0.7256  -2.5908  -0.5491   2.3492  -0.0479  -3.8666   0.0793
 -0.6577  -2.0689   0.8081  -2.3735  -0.2490  -0.7596  -1.5869   0.3852  -2.7177   0.6751
 -0.3088   0.6501   1.3730   0.9594   1.1074   0.8370   0.7078   0.8763   1.8765  -1.5194
 -1.0044  -0.6075   0.9028  -0.6879  -1.3440   0.6827   1.3210   0.1418  -1.7835  -0.0642
 -2.8100   1.8544   1.8450  -1.0855   0.1110   0.3304   1.5120   0.6393   5.1643   1.4004
 -2.0510   0.9911   1.9534   0.7598   3.6219   3.9342   1.0458   0.6463   0.2904  -3.9972
 -0.3831   0.3318   1.7719  -1.4565   3.0127  -0.9554  -1.8118  -0.7367   0.0626  -3.1080
 -1.2499  -0.6480  -2.5736  -1.3304   0.8489  -3.4400  -2.5911   1.0940  -0.9051   0.2995
 -0.5895   2.3027  -0.8377   1.1854   1.9855   3.1479   1.1969   0.7659  -1.1057  -0.4743
  0.8633  -2.8881  -2.7981  -0.7056  -1.0406   0.5164   2.2645  -2.4331  -1.2376  -3.3312
  1.5232   2.3439  -1.5970  -0.2171   0.2297   0.9766   0.3463  -0.6015   2.5582   1.7891
 -1.2296  -0.3888   1.4370   1.3466  -1.1853  -0.8158   0.6915   3.6917  -1.6429  -1.2446
 -0.2413   1.3575   0.8535  -0.1228  -0.4363  -0.2922  -0.7537  -1.4691   0.2577   3.2236
  0.2521   0.2446   0.0420   1.5233   2.8758   2.5150   1.0520  -0.4901  -2.1135   1.9332
  0.6743   1.5228   1.6278  -0.5977   2.2683  -2.4063  -1.8171  -1.5713  -0.3571   1.9943
  1.5790   3.1597  -1.1673  -3.0703   0.5912   0.1783   0.8750  -2.2983  -0.6497  -1.2348
 -0.6214   0.9052  -2.4218  -0.9809   1.3280   2.3817   0.1424  -0.5075  -1.3951  -0.4155
 -0.9766  -0.2403   1.1608  -1.8401  -0.7757  -0.7460   2.4342   0.0631  -1.0778   1.8919
 -1.9896   0.6183   0.0519   1.8644  -1.1763   1.6300   1.9071   0.9238   0.7495  -2.0831
  0.6455  -0.9862  -1.9589  -0.0504   0.6111  -0.2416   1.2907   1.3308   2.3719  -2.2162
  1.5834   0.5371  -0.3787   1.3793   0.6641   0.3278   0.1408   0.5532   0.8680  -0.4839
  0.4945  -0.0716  -1.1810  -0.1725  -0.7773  -0.0707   0.5189   1.8048   0.5554   0.6511
 -1.2609  -0.7738  -1.1179   0.1574   0.2533  -1.7628   2.6925  -3.3301  -0.3893   0.8089
 -1.6737  -2.0043   0.3417   0.8981   0.1791  -0.8011   2.6345  -2.5956   0.8509  -1.8543
 -0.3408  -0.0091   1.4593  -0.0167  -2.8210   1.6919  -1.6094   0.0088   4.4955  -2.0312
  0.4340  -1.4378  -0.4456   0.7273   1.6981   1.0470  -1.1268  -0.1167  -4.0523  -2.2569
  0.3773  -1.6239  -2.2950   0.2193  -1.6609   0.4531   1.1395  -1.3846  -0.4259  -0.4225
  2.1333  -1.5793   1.7962   1.9557   0.1342   0.5298   0.4406   1.4899   0.4809   1.1739
  1.1355  -2.7045  -3.1525  -0.6550   1.0390  -0.0362   1.3321   0.3620   1.4630  -2.3338
  2.2544  -0.0085  -0.3467   1.0237   0.7093   1.3797   3.2203  -0.7154  -1.4207  -0.4029
 -2.6460   3.9212  -2.7703   3.3565   0.3191  -3.3448   2.8244   0.2855   2.3947  -0.1834
  1.7716  -2.3507  -0.4350   0.6081  -2.2217   1.8929   0.8462  -1.6394   1.6924  -0.0928
 -1.3494   0.7108  -0.1210   0.5721   1.2363  -0.9422   0.9131   1.2171  -0.5302  -1.1360
  2.0694  -1.0090   4.2928  -0.8279   0.3184   1.2184   1.0465   0.0280  -0.3297   0.9672
 -2.0237   1.4533  -1.0378   4.5932  -1.0628   1.0970   1.6781   0.8497  -0.3644  -0.7431
 -1.1932  -1.0175  -0.2011  -0.5620   0.8580   3.9312  -0.0040  -0.1412  -0.3767   1.1771
  0.2463  -0.7644   1.2950   1.4560   0.8188   0.1698  -0.8506   3.1776  -0.7712   0.0047
 -1.3673  -1.1381  -2.0960  -0.7920   3.1816   0.2595   1.1940   0.1012   0.2349   2.1512
  2.6804  -1.0052   1.3457   0.3040   1.5943   3.1226  -2.4839   1.0293   1.2017   0.3033
 -4.3485  -5.5236   0.3680   1.4155  -1.2528   2.1676  -1.1682   1.0428  -1.3204   1.3484
 -0.7633  -1.1103   0.1531  -0.8158   1.7107  -1.9402  -1.1203  -0.5322   0.3675  -3.1662
  0.3245   3.5423   1.0796   1.2105  -2.4541   2.6524  -0.5383   2.3986   1.0506  -2.3132
 -1.4927   0.9913  -1.7513  -3.0192   1.3761   0.6699  -2.2779  -0.9455   1.3676   2.3459
  1.3325   1.1535  -2.9297   0.5521   2.3508   0.8504  -0.2486   0.3218  -0.2484  -0.9999
 -0.1581  -0.5591   2.8313   2.3240   0.8066   1.9289  -0.3405   0.6547  -0.6793  -3.2572
  2.2949  -0.8570  -1.3465  -0.6269   0.9122   0.1868   0.6469  -1.0136   1.1270  -0.8952
  0.7654   2.4166   1.7295  -0.0057   0.2016  -2.6247  -1.5501   0.4725  -0.1826   0.0835
 -3.2872   2.8795   0.1229   0.5838  -0.1613   2.6415   0.5629   0.1173  -0.6340  -2.0453
  2.3717   0.1249  -6.7488  -3.9098   1.2936   2.4052  -1.8051  -0.0475   2.1521  -1.2492
  4.1107  -1.3639   2.7617  -1.2823  -0.6130  -3.5246   4.2151   1.4364  -0.1486   3.1695
 -0.8332  -2.0196  -4.8412   1.3031   0.7791   1.5173   1.3596   1.2592   1.2186  -1.4025
  1.6669   0.9943   4.0032   0.8060  -0.1234  -1.2543  -0.5531   1.0729   0.1202   2.2439
 -1.7797  -3.2113   2.3787   2.5125  -0.7548   1.3731  -1.6136   2.0432   2.8199   1.7596
 -1.2252  -1.6166   1.3982  -2.5262  -2.1352  -1.3451   0.0930   0.9275   0.2318  -0.7706
 -0.7840   1.2006  -0.7555  -3.4838  -0.5272  -0.2645   1.2921  -3.6025  -1.5906   0.3058
  0.6459  -3.2041  -0.0116  -4.9680  -0.0279   4.2918   0.9967   0.2563  -1.4015  -1.7124
 -0.4786  -0.4675  -2.7366   0.4517  -1.3691   0.6054   0.5789  -1.6832  -1.0692   2.1731
 -1.2347   3.3078  -1.4249   1.4702   1.0446   0.9148   0.0725   0.3286  -1.9648   1.4780
  1.7502  -2.3272   2.7160   1.3804   1.7535   0.2571   1.0026  -2.3590  -2.0077   0.2904
  3.2697   0.5934  -0.3653   1.1664  -2.2466   1.7736  -1.5788   1.2834  -1.3928  -0.1116
 -2.1718   1.8718  -3.8210  -0.7967  -1.0305  -4.3338   2.5372   3.5872   0.1361   0.2696
 -3.6924  -3.6247  -2.4764   1.4486  -1.0942   1.2581   0.7112   0.2443   0.0234   4.1129
 -2.2811   0.4555   0.8446  -0.3676   0.2292  -0.0740   0.1923  -3.1577  -2.1357  -1.0832
  1.9203  -0.0315   1.1874  -1.6794  -0.3078   0.2984  -1.5452   0.5336   2.3746   0.2131
  1.4638  -0.0889   0.3545  -0.3046   2.2769  -0.1612   0.6078  -0.5252   1.6675   1.6281
 -1.3241  -2.7186   0.2792   1.5393  -0.5716   0.8081  -0.6973   0.6209  -1.6414   1.1702
 -0.9244   2.4973  -2.0937   0.4325   0.2035  -2.0075   1.5277  -2.5430  -3.4334  -2.5684
  0.9777   1.0372  -2.1322   0.7015  -1.2275  -0.2761  -1.9944   0.0890   1.0167   2.8181
 -0.7914   2.0528   1.1137  -1.7247   0.1543  -0.9540  -2.3663  -1.5996   0.9124   1.2184
 -0.7706   0.5894  -1.3898   4.0346   0.4266   0.3447   2.7644  -0.0572   1.1529  -3.1413
 -0.0484  -1.2404  -0.5497  -1.5863  -4.0752   1.2233   0.8610  -0.6227   2.3188  -2.3643
  0.3078   1.0926  -1.0655  -0.2285  -1.0864   1.4413  -0.6187   1.9587   3.0881  -2.5104
 -4.0428   1.3395  -3.6470  -0.6402  -0.1724   2.6061  -2.0576  -1.6321  -1.5949   1.3034
 -1.9465  -2.0456   0.3893   1.6309   0.7123   1.0730  -0.8184  -0.6831  -1.0623   2.7348
 -3.6673   0.8317   0.7248   0.6129  -0.2176  -0.8536  -2.2336   0.2395   0.8774   1.1162
  2.4494   0.1269  -0.1327  -0.0622  -0.6644  -0.6550   2.7376  -1.7365   0.8637  -0.3294
  0.9708   1.6226  -2.1214   2.7519   2.0303   0.6825   1.0567  -2.4866  -2.2754  -3.0507
  0.4855  -1.0728   2.1102   0.5308   0.8839  -1.3810  -1.7229  -0.1518   0.0436   0.4944
 -0.6185  -1.9416  -1.3050  -0.6975  -1.6001  -2.1089   3.1600  -3.5533   2.4306  -3.3109
  1.6015  -0.1136   3.2250  -0.4037  -0.1148  -0.5793  -0.1943  -0.5879  -0.3873  -1.6353
 -1.0781  -2.8782   0.3259   0.5511   1.6835   0.8659  -1.4637   1.1785   4.6265  -1.1585
  2.6031   2.0484  -2.2415   1.0913   0.0903   0.0191  -0.6882  -0.8844   0.1359   0.3508
  0.7632  -0.7497  -2.4188  -2.0524   0.6288   0.6076  -2.6914   2.6401  -0.3344   1.1412
  0.4063  -0.9125  -1.2363   2.8051   2.6302   0.5179  -2.3391  -0.0109   2.1951   0.3815
  1.2423  -3.3796  -3.9319   2.4528   1.0567   0.3993  -1.8617  -0.0041  -2.2954  -0.9897
 -0.7695   1.4746  -2.2242  -1.8106  -0.3934  -2.3911  -1.9331  -0.3835  -0.8450   2.2291
 -0.1637  -1.7380  -1.1719   1.4577  -1.1940   3.2200   3.1655   0.7166   1.0283   2.6022
  2.0611  -1.1543   3.3325   0.9889  -0.2061   3.0267   1.6720  -1.5511   0.2742   0.0362
 -0.2166  -0.4724  -2.7706  -1.3169  -0.7090  -3.2093  -0.6524  -1.0079   2.7927   0.1903
 -1.9675   3.7241   3.7055   0.0843  -0.8438   0.0753  -0.2329   1.4456   0.9936   2.5444
  0.0555  -2.4121  -0.9007   1.4685  -2.0878  -0.9367   0.6150  -2.3379  -0.7139   2.2596
  0.4311  -0.5533  -1.2365  -2.1357   0.7111  -1.8954  -0.7750   0.1312   1.0566   0.8924
  0.7608  -0.1354  -0.2479   1.5384   0.7777  -0.1755   3.0110  -0.9557   0.9269  -2.1918
  0.7257  -2.2185  -0.5465  -0.7621  -2.1570  -4.0149  -0.2180  -0.6816   1.3364  -0.5452
  1.0510  -1.2506   1.1806  -0.5101  -2.3832   0.6359  -0.1933   1.7641   0.7871  -0.5562
 -0.1605  -2.0172   2.9105   1.7999   0.2774   0.3020  -0.8343   0.3777   0.8430   0.2481
  0.3318  -2.4333   2.4537   0.4370  -0.4903  -1.5592  -0.8537  -0.6944  -2.2606  -3.5215
  1.0820  -1.3987   0.4694   1.1005  -0.1472   0.3966  -0.7135  -1.0609   0.4693  -1.5337
  1.3258  -0.5279   0.5597  -0.6081  -2.7588  -2.7201  -3.2988   0.7070   1.0167   2.8433
 -0.1087  -0.5532   1.6362   1.1232   1.3341   1.3754  -1.6235  -2.0952  -3.9276   2.5922
 -1.6035  -1.4539   1.3803  -3.2869  -0.0767  -0.0725   1.0263   0.6625  -1.6901   1.0508
 -2.3723   0.0670   0.9003   1.3155   0.5789   1.2776  -0.5135  -0.1476   0.4883   1.0891
 -0.1786   0.4551   0.4282  -2.9617   0.2083   1.6882  -2.1618   4.0374   0.8280  -2.7552
  0.8474   1.6937   0.3487  -1.3156   3.0549   0.6180  -2.2286   0.4882   0.1482   0.7364
 -0.6288  -0.3180  -1.8748  -0.2566   3.0257   0.2983   0.8584   0.2517  -3.5069   1.7168
  2.6214   1.4019   1.2626   0.1028  -2.2803   0.4589   2.4372   2.3765   0.8130   0.9866
 -0.3991   0.5911   1.5847  -2.6772  -0.4619  -1.2812  -3.6750   0.8797  -0.1805  -0.0464
 -0.5695   1.0306  -1.4383  -3.3878  -2.0193  -0.9937   1.5571  -0.9010   0.8752  -0.4587
  0.8748   1.4067   1.9639  -2.6967  -1.4962   1.8906  -0.8399   1.1180  -1.5180  -1.0538
 -1.0973   1.1935  -0.0691  -0.8811   0.7028  -1.1895  -0.6393   0.9651   3.1470  -0.1515
  2.5640  -2.8169   3.4660  -2.2295  -3.4640   0.9921  -4.3114  -0.1716   0.3408   0.5405
 -0.3270   1.5617  -1.7881   0.0695   1.0116   1.1203   0.5786   2.9476  -1.2901   2.0842
  1.3774  -1.2416   0.2841   0.0634  -0.1054  -0.1348  -1.8850  -0.6401  -0.6736   1.6334
 -1.1291   2.8034  -2.7778   0.8246  -1.3965  -0.4687   1.1076   0.6439   0.3147   0.0495
  0.3294  -0.8765   1.9427  -3.0037   2.9621  -0.7518  -1.6339  -0.5353   0.3144   1.8864
  1.2297   0.5058  -0.3321   1.9484   1.4969  -2.1941   0.3025   0.1203   0.1832   0.9427
 -1.1362   0.5667   1.4823  -0.4819   1.7812  -1.3903   0.5057  -4.2906   0.5031   0.6245
  0.7409   2.6867   1.1965   2.1368  -1.2598  -0.1921  -1.1930   3.3003  -0.3080  -3.5384
 -3.5013  -0.5635  -1.9206  -0.0600  -0.1027  -2.1659   1.6386  -0.0753   0.6044   0.6665
  2.8141   2.3432   0.3707  -3.8962   0.8237  -2.0514   3.5822  -1.6217   0.5240  -1.0317
  1.4612   2.8011  -0.0590  -0.6016  -0.6826   0.2691  -1.5569  -0.4190  -2.7191   2.8121
 -0.0275  -4.3202   0.0216  -2.3287   2.7075  -1.3569   1.2118  -0.9343  -1.9221   2.0433
  0.6043  -1.7599   2.6448   1.1011  -0.4893  -0.6022   2.7079   0.9768  -0.1985  -0.1348
 -0.7470  -3.6898   4.3334   1.4087  -2.6033  -0.1732   0.2028   1.7897   1.8133  -1.5283
  1.0090   1.9062  -1.8276  -0.1716  -0.3235  -2.9049  -2.1366  -0.7546   1.4169   2.2840
 -1.7040   1.1070   1.5883   0.7409  -0.9177  -1.1229  -0.2655   0.6941  -2.1137   1.4033
 -1.6608  -2.3920   0.8789   1.1563   1.0723   2.4419   1.0088   0.2039   0.5798  -0.5921
  2.1812  -0.4677  -0.4831   1.5035  -0.3068  -2.4105  -0.7596   0.0035   1.2400   2.7941
 -0.5207   0.5677   4.3139   2.0608  -3.1768  -1.3268   2.7147   0.2694  -0.4399   1.8789
 -1.8995   0.7251  -2.0417   1.6421  -0.5952   1.1351  -1.6078  -0.9173   2.6794  -2.5314
  0.8911   1.8538   1.8408  -1.1054  -1.0308  -1.2819  -2.3757  -2.3813  -3.4054  -0.5813
 -1.9042  -2.0458  -5.7512   1.4428  -0.7909   1.3626   1.7121  -0.9231   0.0899  -2.1293
 -0.4293   2.5450  -1.0782   0.9089  -0.0164  -3.8599   1.5877  -1.8673  -3.3369  -2.3651
  3.3759  -1.3245  -2.4536  -0.1167   0.8444   0.1132  -0.6706  -2.8461  -0.2114   0.9903
 -0.0210  -1.5855   2.2200   3.0816   4.2377  -0.3407  -0.9467   2.0557  -0.0522  -2.1755
 -1.7684   1.8284  -0.6422   2.4000  -0.2708  -2.6099   1.2079  -0.2333   0.4053   1.5006
  0.4940   0.9212   0.3892  -0.6845  -1.0961  -3.9365   1.7880   1.1612   2.2122  -1.6959
  1.7094  -2.8063   2.8474  -1.6775  -0.8772  -0.4073   1.2613  -2.3819  -0.3116  -1.6688
 -1.4548   2.0266  -3.7545  -1.2570  -2.2265   1.5956  -0.3919   2.0803   3.7582  -1.3022
 -1.3649  -1.4387   0.8914  -0.8532   2.2922  -2.9458  -0.3806  -2.6221   2.3566  -0.6924
  1.1672  -2.9150   2.7079  -2.8085  -0.9417   2.5845   0.0243  -0.4934   0.6060   2.4854
  1.8576   2.8868   0.3005  -1.4900   0.3852  -1.2348  -0.1838  -0.6706  -0.6398  -4.7416
  3.9881   1.5544  -0.1453   0.2401  -0.4730  -0.6614  -1.2952   1.9675  -0.6089  -1.2665
 -0.7464   0.2390  -0.7634   1.3569  -0.6335   0.7845   0.0926   1.4070  -0.5694  -1.0052
 -1.3131   1.8050  -2.3573   0.1548  -2.7182  -0.8418   0.3148   1.1650   0.4428  -1.3357
  2.8279  -0.5358  -2.3681  -1.5847   0.3203   2.2142   2.9183  -1.9905   1.5527  -2.7766
 -0.1121  -2.0237   0.3122  -1.6536   0.7070   2.2251  -1.2560   0.7861   3.1115   5.1156
